# zlin
-2.220689708400270135e+01
-2.106983482830090537e+01
-1.993277257259910584e+01
-1.879571031689730987e+01
-1.765864806119551389e+01
-1.652158580549371436e+01
-1.538452354979191838e+01
-1.424746129409012063e+01
-1.311039903838832288e+01
-1.197333678268652513e+01
-1.083627452698472737e+01
-9.699212271282931397e+00
-8.562150015581133644e+00
-7.425087759879335891e+00
-6.288025504177539915e+00
-5.150963248475740386e+00
-4.013900992773944409e+00
-2.876838737072148433e+00
-1.739776481370348904e+00
-6.027142256685529276e-01
5.343480300332466015e-01
1.671410285735042578e+00
2.808472541436838554e+00
3.945534797138638083e+00
5.082597052840434060e+00
6.219659308542230036e+00
7.356721564244029565e+00
8.493783819945825542e+00
9.630846075647621518e+00
1.076790833134942105e+01
1.190497058705122058e+01
1.304203284275301300e+01
1.417909509845481253e+01
1.531615735415661206e+01
1.645321960985840448e+01
1.759028186556020401e+01
1.872734412126200354e+01
1.986440637696379596e+01
2.100146863266559549e+01
2.213853088836739502e+01
2.327559314406919455e+01
2.441265539977098697e+01
2.554971765547278650e+01
2.668677991117458603e+01
2.782384216687637846e+01
2.896090442257817799e+01
3.009796667827997751e+01
3.123502893398176994e+01
3.237209118968357302e+01
3.350915344538536544e+01
3.464621570108715787e+01
3.578327795678896450e+01
3.692034021249075693e+01
3.805740246819254935e+01
3.919446472389435598e+01
4.033152697959614841e+01
4.146858923529794083e+01
4.260565149099974747e+01
4.374271374670153989e+01
4.487977600240333231e+01
4.601683825810513895e+01
4.715390051380693137e+01
4.829096276950872380e+01
4.942802502521053043e+01
5.056508728091232285e+01
5.170214953661411528e+01
5.283921179231592191e+01
5.397627404801771434e+01
5.511333630371950676e+01
5.625039855942131339e+01
5.738746081512310582e+01
5.852452307082489824e+01
5.966158532652670488e+01
6.079864758222849730e+01
6.193570983793028972e+01
6.307277209363209636e+01
6.420983434933388878e+01
