# zlin
-4.377672696015940090e+01
-4.263966911703838036e+01
-4.150261127391735272e+01
-4.036555343079633218e+01
-3.922849558767530453e+01
-3.809143774455428400e+01
-3.695437990143325635e+01
-3.581732205831223581e+01
-3.468026421519121527e+01
-3.354320637207018763e+01
-3.240614852894916709e+01
-3.126909068582814299e+01
-3.013203284270711890e+01
-2.899497499958609836e+01
-2.785791715646507072e+01
-2.672085931334405018e+01
-2.558380147022302609e+01
-2.444674362710200199e+01
-2.330968578398097790e+01
-2.217262794085995736e+01
-2.103557009773893327e+01
-1.989851225461790918e+01
-1.876145441149688509e+01
-1.762439656837586099e+01
-1.648733872525483690e+01
-1.535028088213381636e+01
-1.421322303901279227e+01
-1.307616519589176818e+01
-1.193910735277074409e+01
-1.080204950964971999e+01
-9.664991666528699454e+00
-8.527933823407671809e+00
-7.390875980286651270e+00
-6.253818137165630731e+00
-5.116760294044603086e+00
-3.979702450923582546e+00
-2.842644607802554901e+00
-1.705586764681534362e+00
-5.685289215605138224e-01
5.685289215605138224e-01
1.705586764681534362e+00
2.842644607802562007e+00
3.979702450923582546e+00
5.116760294044603086e+00
6.253818137165630731e+00
7.390875980286651270e+00
8.527933823407678915e+00
9.664991666528699454e+00
1.080204950964972710e+01
1.193910735277074764e+01
1.307616519589176818e+01
1.421322303901279582e+01
1.535028088213381636e+01
1.648733872525484401e+01
1.762439656837586455e+01
1.876145441149688509e+01
1.989851225461791273e+01
2.103557009773893327e+01
2.217262794085996092e+01
2.330968578398097435e+01
2.444674362710200199e+01
2.558380147022302964e+01
2.672085931334405728e+01
2.785791715646507072e+01
2.899497499958609836e+01
3.013203284270712601e+01
3.126909068582813944e+01
3.240614852894916709e+01
3.354320637207019473e+01
3.468026421519122238e+01
3.581732205831223581e+01
3.695437990143326346e+01
3.809143774455429110e+01
3.922849558767530453e+01
4.036555343079633218e+01
4.150261127391735982e+01
4.263966911703837326e+01
