# xlin
-2.035367901913970101e+01
-1.919060139426898459e+01
-1.802752376939826817e+01
-1.686444614452755175e+01
-1.570136851965683533e+01
-1.453829089478611891e+01
-1.337521326991540427e+01
-1.221213564504468785e+01
-1.104905802017397143e+01
-9.885980395303255008e+00
-8.722902770432538588e+00
-7.559825145561822168e+00
-6.396747520691107525e+00
-5.233669895820391105e+00
-4.070592270949674685e+00
-2.907514646078958265e+00
-1.744437021208241845e+00
-5.813593963375254248e-01
5.817182285331909952e-01
1.744795853403907415e+00
2.907873478274623835e+00
4.070951103145340255e+00
5.234028728016056675e+00
6.397106352886773095e+00
7.560183977757485962e+00
8.723261602628202382e+00
9.886339227498918802e+00
1.104941685236963522e+01
1.221249447724035164e+01
1.337557210211106806e+01
1.453864972698178448e+01
1.570172735185250090e+01
1.686480497672321732e+01
1.802788260159393374e+01
1.919096022646465016e+01
2.035403785133536658e+01
2.151711547620608300e+01
2.268019310107679942e+01
2.384327072594751584e+01
2.500634835081823226e+01
2.616942597568894868e+01
2.733250360055966510e+01
2.849558122543038152e+01
2.965865885030109794e+01
3.082173647517181436e+01
3.198481410004253078e+01
3.314789172491325075e+01
3.431096934978396007e+01
3.547404697465466938e+01
3.663712459952539291e+01
3.780020222439610222e+01
3.896327984926682575e+01
4.012635747413753506e+01
4.128943509900825859e+01
4.245251272387896790e+01
4.361559034874969143e+01
4.477866797362040074e+01
4.594174559849112427e+01
4.710482322336183358e+01
4.826790084823255711e+01
4.943097847310326642e+01
5.059405609797398995e+01
5.175713372284469926e+01
5.292021134771542279e+01
5.408328897258613210e+01
5.524636659745684142e+01
5.640944422232756494e+01
5.757252184719827426e+01
5.873559947206899778e+01
