# ylin
-2.222100353329999933e+01
-2.108357487631039007e+01
-1.994614621932078080e+01
-1.880871756233116798e+01
-1.767128890534155872e+01
-1.653386024835194945e+01
-1.539643159136233841e+01
-1.425900293437272737e+01
-1.312157427738311810e+01
-1.198414562039350884e+01
-1.084671696340389779e+01
-9.709288306414286751e+00
-8.571859649424677485e+00
-7.434430992435068219e+00
-6.297002335445457177e+00
-5.159573678455846135e+00
-4.022145021466236869e+00
-2.884716364476627604e+00
-1.747287707487018338e+00
-6.098590504974055193e-01
5.275696064922037465e-01
1.664998263481813012e+00
2.802426920471425831e+00
3.939855577461035097e+00
5.077284234450644362e+00
6.214712891440253628e+00
7.352141548429862894e+00
8.489570205419475712e+00
9.626998862409084978e+00
1.076442751939869424e+01
1.190185617638830706e+01
1.303928483337791278e+01
1.417671349036752559e+01
1.531414214735713841e+01
1.645157080434674413e+01
1.758899946133635694e+01
1.872642811832596266e+01
1.986385677531557548e+01
2.100128543230518829e+01
2.213871408929479401e+01
2.327614274628440683e+01
2.441357140327401964e+01
2.555100006026362536e+01
2.668842871725323818e+01
2.782585737424285099e+01
2.896328603123245671e+01
3.010071468822206953e+01
3.123814334521167524e+01
3.237557200220128806e+01
3.351300065919090088e+01
3.465042931618050659e+01
3.578785797317011941e+01
3.692528663015972512e+01
3.806271528714933794e+01
3.920014394413895076e+01
4.033757260112855647e+01
4.147500125811816929e+01
4.261242991510777500e+01
4.374985857209738782e+01
4.488728722908700064e+01
4.602471588607661346e+01
4.716214454306622628e+01
4.829957320005582488e+01
4.943700185704543770e+01
5.057443051403505052e+01
5.171185917102466334e+01
5.284928782801427616e+01
5.398671648500387477e+01
5.512414514199348758e+01
5.626157379898310040e+01
5.739900245597271322e+01
5.853643111296232604e+01
5.967385976995192465e+01
6.081128842694153747e+01
6.194871708393115028e+01
6.308614574092076310e+01
6.422357439791036882e+01
