# xlin
-2.035834879197599889e+01
-1.919513581137089631e+01
-1.803192283076579372e+01
-1.686870985016069469e+01
-1.570549686955559210e+01
-1.454228388895048951e+01
-1.337907090834538870e+01
-1.221585792774028789e+01
-1.105264494713518530e+01
-9.889431966530082718e+00
-8.726218985924981908e+00
-7.563006005319881098e+00
-6.399793024714778511e+00
-5.236580044109675924e+00
-4.073367063504576890e+00
-2.910154082899474304e+00
-1.746941102294371717e+00
-5.837281216892691305e-01
5.794848589158334562e-01
1.742697839520932490e+00
2.905910820126035077e+00
4.069123800731137663e+00
5.232336781336236697e+00
6.395549761941339284e+00
7.558762742546441871e+00
8.721975723151544457e+00
9.885188703756647044e+00
1.104840168436174608e+01
1.221161466496684511e+01
1.337482764557194770e+01
1.453804062617705029e+01
1.570125360678215287e+01
1.686446658738725546e+01
1.802767956799235805e+01
1.919089254859746063e+01
2.035410552920256322e+01
2.151731850980766581e+01
2.268053149041276129e+01
2.384374447101786387e+01
2.500695745162296646e+01
2.617017043222806905e+01
2.733338341283317163e+01
2.849659639343827422e+01
2.965980937404337681e+01
3.082302235464847229e+01
3.198623533525357487e+01
3.314944831585867746e+01
3.431266129646378005e+01
3.547587427706888263e+01
3.663908725767398522e+01
3.780230023827908781e+01
3.896551321888419039e+01
4.012872619948929298e+01
4.129193918009438846e+01
4.245515216069949105e+01
4.361836514130459364e+01
4.478157812190968912e+01
4.594479110251479881e+01
4.710800408311989429e+01
4.827121706372500398e+01
4.943443004433009946e+01
5.059764302493520916e+01
5.176085600554030464e+01
5.292406898614541433e+01
5.408728196675050981e+01
5.525049494735560529e+01
5.641370792796071498e+01
5.757692090856581046e+01
5.874013388917092016e+01
