# zlin
-2.204020680903470009e+01
-2.090747417234011252e+01
-1.977474153564552495e+01
-1.864200889895094093e+01
-1.750927626225635336e+01
-1.637654362556176579e+01
-1.524381098886717822e+01
-1.411107835217259066e+01
-1.297834571547800486e+01
-1.184561307878341729e+01
-1.071288044208883150e+01
-9.580147805394243932e+00
-8.447415168699656363e+00
-7.314682532005070570e+00
-6.181949895310483001e+00
-5.049217258615897208e+00
-3.916484621921309639e+00
-2.783751985226722070e+00
-1.651019348532134501e+00
-5.182867118375504845e-01
6.144459248570370846e-01
1.747178561551624654e+00
2.879911198246212223e+00
4.012643834940799792e+00
5.145376471635387361e+00
6.278109108329971377e+00
7.410841745024558946e+00
8.543574381719146515e+00
9.676307018413734085e+00
1.080903965510832165e+01
1.194177229180290567e+01
1.307450492849749679e+01
1.420723756519208081e+01
1.533997020188666482e+01
1.647270283858125595e+01
1.760543547527583996e+01
1.873816811197043108e+01
1.987090074866501510e+01
2.100363338535959912e+01
2.213636602205419024e+01
2.326909865874877426e+01
2.440183129544336538e+01
2.553456393213794939e+01
2.666729656883253341e+01
2.780002920552712453e+01
2.893276184222170855e+01
3.006549447891629967e+01
3.119822711561088369e+01
3.233095975230547481e+01
3.346369238900005882e+01
3.459642502569464284e+01
3.572915766238923396e+01
3.686189029908381798e+01
3.799462293577840910e+01
3.912735557247299312e+01
4.026008820916757713e+01
4.139282084586216826e+01
4.252555348255675938e+01
4.365828611925134339e+01
4.479101875594592741e+01
4.592375139264051143e+01
4.705648402933509544e+01
4.818921666602969367e+01
4.932194930272427769e+01
5.045468193941886170e+01
5.158741457611344572e+01
5.272014721280802974e+01
5.385287984950262796e+01
5.498561248619721198e+01
5.611834512289179600e+01
5.725107775958638001e+01
5.838381039628096403e+01
5.951654303297556226e+01
6.064927566967014627e+01
6.178200830636473029e+01
6.291474094305931430e+01
6.404747357975389832e+01
