# xlin
-2.035860107435080124e+01
-1.919538078121309610e+01
-1.803216048807539096e+01
-1.686894019493768937e+01
-1.570571990179998423e+01
-1.454249960866227909e+01
-1.337927931552457572e+01
-1.221605902238687236e+01
-1.105283872924916722e+01
-9.889618436111462074e+00
-8.726398142973758709e+00
-7.563177849836055344e+00
-6.399957556698350203e+00
-5.236737263560645061e+00
-4.073516970422943473e+00
-2.910296677285238331e+00
-1.747076384147533190e+00
-5.838560910098280488e-01
5.793642021278770926e-01
1.742584495265578681e+00
2.905804788403283823e+00
4.069025081540988964e+00
5.232245374678690553e+00
6.395465667816395694e+00
7.558685960954100835e+00
8.721906254091805977e+00
9.885126547229511118e+00
1.104834684036721271e+01
1.221156713350491430e+01
1.337478742664261944e+01
1.453800771978032458e+01
1.570122801291802972e+01
1.686444830605573486e+01
1.802766859919344000e+01
1.919088889233114514e+01
2.035410918546885028e+01
2.151732947860655543e+01
2.268054977174425346e+01
2.384377006488195860e+01
2.500699035801966374e+01
2.617021065115736889e+01
2.733343094429507403e+01
2.849665123743277917e+01
2.965987153057048431e+01
3.082309182370818235e+01
3.198631211684588749e+01
3.314953240998359263e+01
3.431275270312129777e+01
3.547597299625900291e+01
3.663919328939670805e+01
3.780241358253441319e+01
3.896563387567211834e+01
4.012885416880982348e+01
4.129207446194752151e+01
4.245529475508522665e+01
4.361851504822293180e+01
4.478173534136062983e+01
4.594495563449834208e+01
4.710817592763604011e+01
4.827139622077375236e+01
4.943461651391145040e+01
5.059783680704916264e+01
5.176105710018686068e+01
5.292427739332457293e+01
5.408749768646227096e+01
5.525071797959996900e+01
5.641393827273768125e+01
5.757715856587537928e+01
5.874037885901309153e+01
