# xlin
-2.035860107435080124e+01
-1.919538078121309610e+01
-1.803216048807539096e+01
-1.686894019493768582e+01
-1.570571990179998423e+01
-1.454249960866227909e+01
-1.337927931552457395e+01
-1.221605902238687058e+01
-1.105283872924916544e+01
-9.889618436111460298e+00
-8.726398142973756933e+00
-7.563177849836051791e+00
-6.399957556698346650e+00
-5.236737263560643285e+00
-4.073516970422939920e+00
-2.910296677285234779e+00
-1.747076384147529637e+00
-5.838560910098244960e-01
5.793642021278806453e-01
1.742584495265582234e+00
2.905804788403287375e+00
4.069025081540992517e+00
5.232245374678697658e+00
6.395465667816402799e+00
7.558685960954107941e+00
8.721906254091809529e+00
9.885126547229514671e+00
1.104834684036721981e+01
1.221156713350492140e+01
1.337478742664262654e+01
1.453800771978033168e+01
1.570122801291803682e+01
1.686444830605574197e+01
1.802766859919344711e+01
1.919088889233115225e+01
2.035410918546885739e+01
2.151732947860656253e+01
2.268054977174426767e+01
2.384377006488196571e+01
2.500699035801967085e+01
2.617021065115737599e+01
2.733343094429508113e+01
2.849665123743278627e+01
2.965987153057049142e+01
3.082309182370819656e+01
3.198631211684590170e+01
3.314953240998360684e+01
3.431275270312131198e+01
3.547597299625901712e+01
3.663919328939671516e+01
3.780241358253442030e+01
3.896563387567212544e+01
4.012885416880983058e+01
4.129207446194753572e+01
4.245529475508524087e+01
4.361851504822294601e+01
4.478173534136064404e+01
4.594495563449835629e+01
4.710817592763605433e+01
4.827139622077376657e+01
4.943461651391146461e+01
5.059783680704917685e+01
5.176105710018687489e+01
5.292427739332458714e+01
5.408749768646228517e+01
5.525071797959998321e+01
5.641393827273769546e+01
5.757715856587539349e+01
5.874037885901310574e+01
