# ylin
-4.379310576162009738e+01
-4.265562249508450776e+01
-4.151813922854892525e+01
-4.038065596201333562e+01
-3.924317269547775311e+01
-3.810568942894216349e+01
-3.696820616240657387e+01
-3.583072289587099135e+01
-3.469323962933540173e+01
-3.355575636279981211e+01
-3.241827309626422959e+01
-3.128078982972863997e+01
-3.014330656319305390e+01
-2.900582329665746784e+01
-2.786834003012187821e+01
-2.673085676358629215e+01
-2.559337349705070608e+01
-2.445589023051512001e+01
-2.331840696397953394e+01
-2.218092369744394432e+01
-2.104344043090835825e+01
-1.990595716437277218e+01
-1.876847389783718256e+01
-1.763099063130159649e+01
-1.649350736476601043e+01
-1.535602409823042436e+01
-1.421854083169483829e+01
-1.308105756515924867e+01
-1.194357429862366260e+01
-1.080609103208807653e+01
-9.668607765552486910e+00
-8.531124499016904394e+00
-7.393641232481314773e+00
-6.256157965945725152e+00
-5.118674699410142637e+00
-3.981191432874553016e+00
-2.843708166338970500e+00
-1.706224899803380879e+00
-5.687416332677912578e-01
5.687416332677912578e-01
1.706224899803380879e+00
2.843708166338970500e+00
3.981191432874553016e+00
5.118674699410142637e+00
6.256157965945732258e+00
7.393641232481314773e+00
8.531124499016904394e+00
9.668607765552486910e+00
1.080609103208807653e+01
1.194357429862366615e+01
1.308105756515924867e+01
1.421854083169483829e+01
1.535602409823042080e+01
1.649350736476601043e+01
1.763099063130160005e+01
1.876847389783718256e+01
1.990595716437277218e+01
2.104344043090836180e+01
2.218092369744394432e+01
2.331840696397952684e+01
2.445589023051512356e+01
2.559337349705070608e+01
2.673085676358628859e+01
2.786834003012188532e+01
2.900582329665746784e+01
3.014330656319305035e+01
3.128078982972864708e+01
3.241827309626422959e+01
3.355575636279981211e+01
3.469323962933540884e+01
3.583072289587099135e+01
3.696820616240657387e+01
3.810568942894215638e+01
3.924317269547775311e+01
4.038065596201333562e+01
4.151813922854891814e+01
4.265562249508451487e+01
