# xlin
-4.013025498733379948e+01
-3.896705919059948542e+01
-3.780386339386517136e+01
-3.664066759713085730e+01
-3.547747180039655035e+01
-3.431427600366223629e+01
-3.315108020692792223e+01
-3.198788441019360818e+01
-3.082468861345929412e+01
-2.966149281672498361e+01
-2.849829701999066955e+01
-2.733510122325635905e+01
-2.617190542652204499e+01
-2.500870962978773093e+01
-2.384551383305341687e+01
-2.268231803631910637e+01
-2.151912223958479231e+01
-2.035592644285047825e+01
-1.919273064611616775e+01
-1.802953484938185369e+01
-1.686633905264753963e+01
-1.570314325591322913e+01
-1.453994745917891507e+01
-1.337675166244460101e+01
-1.221355586571029050e+01
-1.105036006897597645e+01
-9.887164272241662388e+00
-8.723968475507348330e+00
-7.560772678773034272e+00
-6.397576882038727319e+00
-5.234381085304413261e+00
-4.071185288570099203e+00
-2.907989491835785145e+00
-1.744793695101471087e+00
-5.815978983671570290e-01
5.815978983671570290e-01
1.744793695101463982e+00
2.907989491835778040e+00
4.071185288570092098e+00
5.234381085304406156e+00
6.397576882038720214e+00
7.560772678773034272e+00
8.723968475507341225e+00
9.887164272241655283e+00
1.105036006897596934e+01
1.221355586571028340e+01
1.337675166244459746e+01
1.453994745917891152e+01
1.570314325591321847e+01
1.686633905264753253e+01
1.802953484938184658e+01
1.919273064611616064e+01
2.035592644285047470e+01
2.151912223958478876e+01
2.268231803631910282e+01
2.384551383305340977e+01
2.500870962978773093e+01
2.617190542652204499e+01
2.733510122325634484e+01
2.849829701999065890e+01
2.966149281672497295e+01
3.082468861345928701e+01
3.198788441019360107e+01
3.315108020692791513e+01
3.431427600366222919e+01
3.547747180039654324e+01
3.664066759713085730e+01
3.780386339386517136e+01
3.896705919059948542e+01
