# ylin
-2.220263775757760172e+01
-2.106568613372731846e+01
-1.992873450987703876e+01
-1.879178288602675551e+01
-1.765483126217647225e+01
-1.651787963832619255e+01
-1.538092801447590929e+01
-1.424397639062562781e+01
-1.310702476677534634e+01
-1.197007314292506486e+01
-1.083312151907478338e+01
-9.696169895224500124e+00
-8.559218271374218645e+00
-7.422266647523937166e+00
-6.285315023673653911e+00
-5.148363399823374209e+00
-4.011411775973090954e+00
-2.874460152122807699e+00
-1.737508528272527997e+00
-6.005569044222447417e-01
5.363947194280349606e-01
1.673346343278318216e+00
2.810297967128601471e+00
3.947249590978881173e+00
5.084201214829164428e+00
6.221152838679447683e+00
7.358104462529727385e+00
8.495056086380010640e+00
9.632007710230293895e+00
1.076895933408057360e+01
1.190591095793085330e+01
1.304286258178114011e+01
1.417981420563141981e+01
1.531676582948169951e+01
1.645371745333198632e+01
1.759066907718226602e+01
1.872762070103254572e+01
1.986457232488283253e+01
2.100152394873311223e+01
2.213847557258339194e+01
2.327542719643367164e+01
2.441237882028395845e+01
2.554933044413423815e+01
2.668628206798451785e+01
2.782323369183480466e+01
2.896018531568508436e+01
3.009713693953536406e+01
3.123408856338565087e+01
3.237104018723593413e+01
3.350799181108621383e+01
3.464494343493649353e+01
3.578189505878677323e+01
3.691884668263705294e+01
3.805579830648734685e+01
3.919274993033762655e+01
4.032970155418790625e+01
4.146665317803818596e+01
4.260360480188846566e+01
4.374055642573874536e+01
4.487750804958902506e+01
4.601445967343930477e+01
4.715141129728959868e+01
4.828836292113987838e+01
4.942531454499015808e+01
5.056226616884043779e+01
5.169921779269071749e+01
5.283616941654099719e+01
5.397312104039127689e+01
5.511007266424157081e+01
5.624702428809185051e+01
5.738397591194213021e+01
5.852092753579240991e+01
5.965787915964268961e+01
6.079483078349296932e+01
6.193178240734326323e+01
6.306873403119354293e+01
6.420568565504382263e+01
