# step,n0,n1,n2,n3,n4
0.0 50147.0 5.0 13.0 5.0 518.0
100.0 50134.0 7.0 13.0 4.0 530.0
200.0 50137.0 3.0 18.0 7.0 523.0
300.0 50094.0 4.0 16.0 7.0 567.0
400.0 50126.0 5.0 13.0 5.0 539.0
500.0 50092.0 1.0 18.0 12.0 565.0
600.0 50113.0 2.0 11.0 7.0 555.0
700.0 50091.0 2.0 12.0 7.0 576.0
800.0 50104.0 4.0 13.0 6.0 561.0
900.0 50154.0 6.0 17.0 6.0 505.0
1000.0 50068.0 3.0 16.0 3.0 598.0
1100.0 50128.0 5.0 17.0 10.0 528.0
1200.0 50093.0 6.0 17.0 9.0 563.0
1300.0 50110.0 4.0 12.0 6.0 556.0
1400.0 50092.0 5.0 13.0 9.0 569.0
1500.0 50112.0 4.0 14.0 8.0 550.0
1600.0 50098.0 2.0 16.0 5.0 567.0
1700.0 50083.0 5.0 12.0 3.0 585.0
1800.0 50104.0 5.0 7.0 4.0 568.0
1900.0 50054.0 2.0 13.0 4.0 615.0
2000.0 50083.0 5.0 17.0 9.0 574.0
2100.0 50104.0 3.0 11.0 3.0 567.0
2200.0 50106.0 5.0 9.0 6.0 562.0
2300.0 50108.0 3.0 19.0 6.0 552.0
2400.0 50099.0 6.0 11.0 6.0 566.0
2500.0 50067.0 4.0 11.0 6.0 600.0
2600.0 50114.0 2.0 10.0 6.0 556.0
2700.0 50106.0 1.0 13.0 5.0 563.0
2800.0 50092.0 3.0 13.0 5.0 575.0
2900.0 50134.0 4.0 12.0 4.0 534.0
3000.0 50090.0 3.0 11.0 2.0 582.0
3100.0 50093.0 2.0 11.0 8.0 574.0
3200.0 50106.0 3.0 12.0 9.0 558.0
3300.0 50088.0 2.0 20.0 9.0 569.0
3400.0 50102.0 2.0 13.0 3.0 568.0
3500.0 50092.0 3.0 7.0 7.0 579.0
3600.0 50089.0 4.0 13.0 6.0 576.0
3700.0 50092.0 6.0 12.0 7.0 571.0
3800.0 50098.0 4.0 10.0 7.0 569.0
3900.0 50080.0 7.0 19.0 5.0 577.0
4000.0 50124.0 5.0 17.0 6.0 536.0
4100.0 50043.0 3.0 9.0 6.0 627.0
4200.0 50116.0 4.0 12.0 6.0 550.0
4300.0 50087.0 3.0 11.0 9.0 578.0
4400.0 50072.0 3.0 15.0 2.0 596.0
4500.0 50045.0 2.0 16.0 4.0 621.0
4600.0 50086.0 1.0 9.0 2.0 590.0
4700.0 50062.0 2.0 12.0 8.0 604.0
4800.0 50101.0 5.0 9.0 8.0 565.0
4900.0 50099.0 3.0 16.0 10.0 560.0
5000.0 50085.0 4.0 16.0 4.0 579.0
5100.0 50091.0 4.0 11.0 5.0 577.0
5200.0 50116.0 6.0 12.0 4.0 550.0
5300.0 50082.0 5.0 14.0 5.0 582.0
5400.0 50115.0 3.0 11.0 7.0 552.0
5500.0 50084.0 2.0 14.0 5.0 583.0
5600.0 50069.0 4.0 8.0 8.0 599.0
5700.0 50083.0 2.0 11.0 3.0 589.0
5800.0 50078.0 2.0 12.0 5.0 591.0
5900.0 50080.0 5.0 12.0 5.0 586.0
6000.0 50086.0 3.0 10.0 10.0 579.0
6100.0 50080.0 3.0 11.0 5.0 589.0
6200.0 50058.0 3.0 10.0 6.0 611.0
6300.0 50071.0 3.0 10.0 5.0 599.0
6400.0 50128.0 4.0 3.0 4.0 549.0
6500.0 50061.0 2.0 10.0 6.0 609.0
6600.0 50090.0 6.0 15.0 7.0 570.0
6700.0 50082.0 3.0 10.0 7.0 586.0
6800.0 50070.0 6.0 13.0 7.0 592.0
6900.0 50085.0 5.0 7.0 5.0 586.0
7000.0 50074.0 6.0 8.0 5.0 595.0
7100.0 50043.0 2.0 12.0 8.0 623.0
7200.0 50051.0 4.0 13.0 8.0 612.0
7300.0 50072.0 2.0 13.0 7.0 594.0
7400.0 50054.0 5.0 14.0 8.0 607.0
7500.0 50042.0 3.0 16.0 3.0 624.0
7600.0 50041.0 1.0 11.0 5.0 630.0
7700.0 50093.0 2.0 9.0 4.0 580.0
7800.0 50096.0 3.0 12.0 6.0 571.0
7900.0 50057.0 3.0 12.0 7.0 609.0
8000.0 50052.0 2.0 10.0 6.0 618.0
8100.0 50108.0 4.0 13.0 3.0 560.0
8200.0 50043.0 5.0 12.0 3.0 625.0
8300.0 50045.0 4.0 11.0 8.0 620.0
8400.0 50050.0 3.0 9.0 8.0 618.0
8500.0 50045.0 2.0 11.0 7.0 623.0
8600.0 50045.0 5.0 8.0 4.0 626.0
8700.0 50048.0 4.0 13.0 1.0 622.0
8800.0 50031.0 4.0 17.0 5.0 631.0
8900.0 50086.0 5.0 13.0 6.0 578.0
9000.0 50053.0 5.0 13.0 10.0 607.0
9100.0 50064.0 4.0 12.0 8.0 600.0
9200.0 50045.0 7.0 15.0 7.0 614.0
9300.0 50034.0 3.0 14.0 7.0 630.0
9400.0 50064.0 4.0 16.0 9.0 595.0
9500.0 50064.0 3.0 13.0 9.0 599.0
9600.0 50056.0 4.0 14.0 3.0 611.0
9700.0 50077.0 3.0 17.0 3.0 588.0
9800.0 50050.0 5.0 14.0 7.0 612.0
9900.0 50067.0 7.0 16.0 2.0 596.0
10000.0 50086.0 5.0 17.0 6.0 574.0
10100.0 50067.0 2.0 15.0 4.0 600.0
10200.0 50022.0 4.0 12.0 6.0 644.0
10300.0 50096.0 3.0 19.0 6.0 564.0
10400.0 50120.0 2.0 15.0 6.0 545.0
10500.0 50051.0 2.0 11.0 5.0 619.0
10600.0 50057.0 3.0 15.0 1.0 612.0
10700.0 50078.0 1.0 16.0 8.0 585.0
10800.0 50061.0 4.0 9.0 6.0 608.0
10900.0 50062.0 4.0 8.0 2.0 612.0
11000.0 50067.0 4.0 14.0 6.0 597.0
11100.0 50064.0 5.0 13.0 8.0 598.0
11200.0 50062.0 7.0 8.0 5.0 606.0
11300.0 50085.0 7.0 17.0 4.0 575.0
11400.0 50070.0 4.0 18.0 3.0 593.0
11500.0 50049.0 2.0 15.0 7.0 615.0
11600.0 50060.0 4.0 15.0 5.0 604.0
11700.0 50074.0 7.0 14.0 5.0 588.0
11800.0 50084.0 6.0 17.0 4.0 577.0
11900.0 50005.0 5.0 17.0 8.0 653.0
12000.0 50017.0 4.0 14.0 8.0 645.0
12100.0 50062.0 3.0 16.0 7.0 600.0
12200.0 50045.0 6.0 15.0 4.0 618.0
12300.0 50088.0 4.0 12.0 2.0 582.0
12400.0 50066.0 4.0 14.0 7.0 597.0
12500.0 49996.0 5.0 13.0 2.0 672.0
12600.0 50075.0 3.0 20.0 7.0 583.0
12700.0 50087.0 2.0 21.0 4.0 574.0
12800.0 50054.0 4.0 15.0 6.0 609.0
12900.0 50042.0 2.0 19.0 5.0 620.0
13000.0 50100.0 2.0 13.0 9.0 564.0
13100.0 50032.0 3.0 11.0 4.0 638.0
13200.0 50058.0 3.0 8.0 6.0 613.0
13300.0 50021.0 5.0 20.0 3.0 639.0
13400.0 50067.0 6.0 17.0 1.0 597.0
13500.0 50034.0 4.0 16.0 10.0 624.0
13600.0 50075.0 5.0 16.0 2.0 590.0
13700.0 50052.0 7.0 10.0 2.0 617.0
13800.0 50051.0 5.0 10.0 8.0 614.0
13900.0 50066.0 1.0 6.0 3.0 612.0
14000.0 50047.0 5.0 14.0 0.0 622.0
14100.0 50051.0 4.0 13.0 7.0 613.0
14200.0 50039.0 5.0 10.0 5.0 629.0
14300.0 50075.0 7.0 9.0 4.0 593.0
14400.0 50105.0 6.0 10.0 7.0 560.0
14500.0 50067.0 4.0 11.0 4.0 602.0
14600.0 50034.0 3.0 15.0 7.0 629.0
14700.0 50034.0 6.0 17.0 4.0 627.0
14800.0 50077.0 5.0 11.0 4.0 591.0
14900.0 50058.0 3.0 7.0 4.0 616.0
15000.0 50057.0 4.0 10.0 0.0 617.0
15100.0 50022.0 6.0 10.0 1.0 649.0
15200.0 50063.0 5.0 10.0 5.0 605.0
15300.0 50032.0 5.0 16.0 7.0 628.0
15400.0 50081.0 8.0 13.0 6.0 580.0
15500.0 50026.0 3.0 17.0 6.0 636.0
15600.0 50035.0 5.0 19.0 1.0 628.0
15700.0 50070.0 3.0 12.0 3.0 600.0
15800.0 50071.0 3.0 9.0 7.0 598.0
15900.0 50048.0 5.0 15.0 13.0 607.0
16000.0 50043.0 1.0 13.0 7.0 624.0
16100.0 50004.0 1.0 14.0 6.0 663.0
16200.0 50017.0 3.0 15.0 6.0 647.0
16300.0 50023.0 6.0 13.0 2.0 644.0
16400.0 50057.0 3.0 14.0 5.0 609.0
16500.0 50066.0 5.0 12.0 9.0 596.0
16600.0 50031.0 5.0 13.0 6.0 633.0
16700.0 50048.0 5.0 11.0 7.0 617.0
16800.0 50012.0 7.0 18.0 4.0 647.0
16900.0 50050.0 3.0 14.0 5.0 616.0
17000.0 50111.0 2.0 10.0 4.0 561.0
17100.0 50048.0 3.0 16.0 5.0 616.0
17200.0 50024.0 1.0 15.0 12.0 636.0
17300.0 50045.0 6.0 13.0 6.0 618.0
17400.0 50040.0 5.0 17.0 5.0 621.0
17500.0 49994.0 5.0 18.0 6.0 665.0
17600.0 50080.0 4.0 11.0 4.0 589.0
17700.0 50046.0 6.0 14.0 7.0 615.0
17800.0 50047.0 3.0 15.0 7.0 616.0
17900.0 50059.0 4.0 10.0 6.0 609.0
18000.0 50036.0 5.0 11.0 5.0 631.0
18100.0 50046.0 4.0 16.0 6.0 616.0
18200.0 50055.0 3.0 14.0 4.0 612.0
18300.0 50061.0 7.0 10.0 8.0 602.0
18400.0 50062.0 4.0 9.0 3.0 610.0
18500.0 50036.0 6.0 11.0 3.0 632.0
18600.0 50038.0 4.0 13.0 7.0 626.0
18700.0 50069.0 3.0 12.0 6.0 598.0
18800.0 50056.0 3.0 11.0 6.0 612.0
18900.0 50019.0 5.0 12.0 6.0 646.0
19000.0 50033.0 2.0 12.0 7.0 634.0
19100.0 50066.0 5.0 10.0 5.0 602.0
19200.0 50022.0 4.0 10.0 6.0 646.0
19300.0 50062.0 3.0 14.0 3.0 606.0
19400.0 50017.0 4.0 18.0 9.0 640.0
19500.0 50060.0 1.0 12.0 6.0 609.0
19600.0 50047.0 1.0 13.0 6.0 621.0
19700.0 50022.0 2.0 14.0 3.0 647.0
19800.0 50049.0 4.0 8.0 1.0 626.0
19900.0 50057.0 3.0 9.0 8.0 611.0
20000.0 50047.0 1.0 11.0 6.0 623.0
20100.0 50022.0 2.0 9.0 7.0 648.0
20200.0 50025.0 4.0 13.0 5.0 641.0
20300.0 50017.0 5.0 6.0 6.0 654.0
20400.0 50064.0 4.0 11.0 5.0 604.0
20500.0 50060.0 6.0 13.0 8.0 601.0
20600.0 50038.0 2.0 19.0 4.0 625.0
20700.0 50012.0 2.0 12.0 6.0 656.0
20800.0 50065.0 4.0 10.0 5.0 604.0
20900.0 50036.0 4.0 8.0 3.0 637.0
21000.0 50022.0 4.0 7.0 4.0 651.0
21100.0 50038.0 4.0 17.0 9.0 620.0
21200.0 50041.0 4.0 13.0 4.0 626.0
21300.0 50022.0 4.0 15.0 5.0 642.0
21400.0 50048.0 6.0 14.0 4.0 616.0
21500.0 50014.0 7.0 17.0 4.0 646.0
21600.0 50042.0 4.0 19.0 3.0 620.0
21700.0 50006.0 3.0 13.0 4.0 662.0
21800.0 50017.0 4.0 15.0 2.0 650.0
21900.0 50058.0 3.0 13.0 3.0 611.0
22000.0 50032.0 5.0 13.0 7.0 631.0
22100.0 50046.0 5.0 15.0 6.0 616.0
22200.0 50039.0 6.0 12.0 8.0 623.0
22300.0 50050.0 4.0 14.0 3.0 617.0
22400.0 50059.0 6.0 15.0 7.0 601.0
22500.0 50034.0 3.0 12.0 5.0 634.0
22600.0 50053.0 4.0 10.0 5.0 616.0
22700.0 50064.0 5.0 12.0 4.0 603.0
22800.0 50053.0 3.0 11.0 8.0 613.0
22900.0 50010.0 3.0 15.0 6.0 654.0
23000.0 50035.0 4.0 11.0 6.0 632.0
23100.0 50044.0 6.0 14.0 2.0 622.0
23200.0 49996.0 7.0 11.0 7.0 667.0
23300.0 50052.0 7.0 9.0 3.0 617.0
23400.0 50056.0 3.0 11.0 4.0 614.0
23500.0 49985.0 4.0 15.0 4.0 680.0
23600.0 50035.0 8.0 17.0 7.0 621.0
23700.0 50029.0 6.0 15.0 4.0 634.0
23800.0 49999.0 5.0 13.0 2.0 669.0
23900.0 50119.0 5.0 17.0 6.0 541.0
24000.0 50030.0 4.0 5.0 7.0 642.0
24100.0 50038.0 5.0 13.0 3.0 629.0
24200.0 50018.0 5.0 10.0 7.0 648.0
24300.0 50015.0 3.0 10.0 4.0 656.0
24400.0 50049.0 4.0 14.0 5.0 616.0
24500.0 49996.0 5.0 15.0 4.0 668.0
24600.0 50008.0 3.0 9.0 5.0 663.0
24700.0 50049.0 5.0 13.0 5.0 616.0
24800.0 49991.0 7.0 18.0 5.0 667.0
24900.0 50074.0 6.0 15.0 1.0 592.0
25000.0 50032.0 4.0 12.0 8.0 632.0
25100.0 50014.0 7.0 13.0 6.0 648.0
25200.0 50023.0 4.0 16.0 2.0 643.0
25300.0 50030.0 4.0 9.0 3.0 642.0
25400.0 50049.0 6.0 11.0 5.0 617.0
25500.0 50073.0 6.0 11.0 4.0 594.0
25600.0 50054.0 6.0 12.0 2.0 614.0
25700.0 50013.0 6.0 12.0 7.0 650.0
25800.0 50015.0 4.0 16.0 3.0 650.0
25900.0 50034.0 5.0 16.0 3.0 630.0
26000.0 50065.0 6.0 14.0 5.0 598.0
26100.0 50020.0 5.0 13.0 6.0 644.0
26200.0 50016.0 5.0 11.0 6.0 650.0
26300.0 50028.0 8.0 19.0 6.0 627.0
26400.0 50083.0 5.0 15.0 1.0 584.0
26500.0 50015.0 6.0 15.0 6.0 646.0
26600.0 49999.0 6.0 12.0 4.0 667.0
26700.0 50004.0 5.0 12.0 2.0 665.0
26800.0 50027.0 3.0 14.0 4.0 640.0
26900.0 50021.0 4.0 18.0 6.0 639.0
27000.0 50018.0 6.0 14.0 6.0 644.0
27100.0 50010.0 5.0 12.0 7.0 654.0
27200.0 50037.0 5.0 15.0 1.0 630.0
27300.0 50029.0 5.0 14.0 2.0 638.0
27400.0 49998.0 8.0 13.0 3.0 666.0
27500.0 50044.0 7.0 9.0 4.0 624.0
27600.0 49996.0 5.0 12.0 6.0 669.0
27700.0 50051.0 4.0 12.0 1.0 620.0
27800.0 50020.0 3.0 10.0 5.0 650.0
27900.0 50001.0 7.0 15.0 6.0 659.0
28000.0 50034.0 4.0 14.0 5.0 631.0
28100.0 50053.0 4.0 11.0 2.0 618.0
28200.0 50001.0 3.0 16.0 6.0 662.0
28300.0 50008.0 5.0 14.0 6.0 655.0
28400.0 50045.0 5.0 10.0 3.0 625.0
28500.0 50008.0 8.0 13.0 4.0 655.0
28600.0 50039.0 4.0 14.0 7.0 624.0
28700.0 50022.0 4.0 14.0 6.0 642.0
28800.0 50041.0 3.0 11.0 3.0 630.0
28900.0 50016.0 7.0 9.0 4.0 652.0
29000.0 50012.0 5.0 14.0 2.0 655.0
29100.0 50015.0 5.0 13.0 6.0 649.0
29200.0 50047.0 7.0 9.0 2.0 623.0
29300.0 50025.0 6.0 13.0 5.0 639.0
29400.0 50065.0 6.0 8.0 7.0 602.0
29500.0 50015.0 5.0 9.0 6.0 653.0
29600.0 50021.0 3.0 13.0 1.0 650.0
29700.0 49976.0 8.0 12.0 5.0 687.0
29800.0 50035.0 4.0 14.0 4.0 631.0
29900.0 49978.0 3.0 9.0 5.0 693.0
30000.0 50000.0 4.0 17.0 2.0 665.0
30100.0 49987.0 6.0 19.0 6.0 670.0
30200.0 50051.0 5.0 10.0 0.0 622.0
30300.0 50026.0 4.0 12.0 3.0 643.0
30400.0 50038.0 4.0 14.0 3.0 629.0
30500.0 50049.0 3.0 14.0 5.0 617.0
30600.0 50041.0 2.0 11.0 3.0 631.0
30700.0 50020.0 3.0 10.0 3.0 652.0
30800.0 50052.0 3.0 14.0 5.0 614.0
30900.0 50008.0 4.0 10.0 6.0 660.0
31000.0 50018.0 5.0 13.0 4.0 648.0
31100.0 50015.0 4.0 13.0 1.0 655.0
31200.0 50055.0 4.0 12.0 6.0 611.0
31300.0 50024.0 5.0 10.0 7.0 642.0
31400.0 50038.0 7.0 12.0 2.0 629.0
31500.0 50033.0 7.0 16.0 1.0 631.0
31600.0 50062.0 2.0 19.0 5.0 600.0
31700.0 50006.0 6.0 15.0 5.0 656.0
31800.0 50052.0 5.0 10.0 3.0 618.0
31900.0 49993.0 5.0 14.0 6.0 670.0
32000.0 50011.0 5.0 10.0 2.0 660.0
32100.0 50041.0 6.0 12.0 2.0 627.0
32200.0 50001.0 4.0 15.0 2.0 666.0
32300.0 50036.0 5.0 16.0 5.0 626.0
32400.0 50020.0 2.0 11.0 4.0 651.0
32500.0 50011.0 5.0 9.0 7.0 656.0
32600.0 50028.0 5.0 7.0 0.0 648.0
32700.0 49974.0 7.0 10.0 5.0 692.0
32800.0 50036.0 4.0 11.0 2.0 635.0
32900.0 50037.0 5.0 16.0 2.0 628.0
33000.0 50018.0 3.0 12.0 5.0 650.0
33100.0 50068.0 4.0 10.0 6.0 600.0
33200.0 50003.0 6.0 9.0 5.0 665.0
33300.0 49983.0 4.0 14.0 2.0 685.0
33400.0 49992.0 5.0 13.0 6.0 672.0
33500.0 49999.0 5.0 13.0 2.0 669.0
33600.0 50020.0 4.0 14.0 3.0 647.0
33700.0 50030.0 4.0 12.0 4.0 638.0
33800.0 49996.0 6.0 15.0 8.0 663.0
33900.0 50009.0 4.0 13.0 5.0 657.0
34000.0 50021.0 5.0 10.0 5.0 647.0
34100.0 50035.0 9.0 9.0 5.0 630.0
34200.0 50003.0 3.0 10.0 2.0 670.0
34300.0 50019.0 5.0 7.0 4.0 653.0
34400.0 50053.0 4.0 13.0 5.0 613.0
34500.0 50057.0 5.0 13.0 2.0 611.0
34600.0 50029.0 4.0 9.0 3.0 643.0
34700.0 50006.0 5.0 10.0 5.0 662.0
34800.0 50018.0 2.0 11.0 6.0 651.0
34900.0 50034.0 5.0 14.0 3.0 632.0
35000.0 50040.0 7.0 11.0 6.0 624.0
35100.0 50041.0 4.0 15.0 5.0 623.0
35200.0 50017.0 5.0 12.0 5.0 649.0
35300.0 49985.0 5.0 10.0 1.0 687.0
35400.0 50027.0 5.0 12.0 8.0 636.0
35500.0 50003.0 5.0 10.0 3.0 667.0
35600.0 50052.0 4.0 13.0 5.0 614.0
35700.0 50010.0 4.0 18.0 1.0 655.0
35800.0 50002.0 5.0 10.0 6.0 665.0
35900.0 49999.0 4.0 12.0 3.0 670.0
36000.0 49987.0 7.0 12.0 6.0 676.0
36100.0 49987.0 5.0 10.0 5.0 681.0
36200.0 50010.0 3.0 12.0 4.0 659.0
36300.0 50031.0 7.0 10.0 2.0 638.0
36400.0 50006.0 7.0 13.0 6.0 656.0
36500.0 49999.0 5.0 10.0 2.0 672.0
36600.0 50029.0 5.0 9.0 3.0 642.0
36700.0 50018.0 6.0 8.0 5.0 651.0
36800.0 50043.0 7.0 12.0 3.0 623.0
36900.0 49983.0 5.0 17.0 3.0 680.0
37000.0 50004.0 6.0 13.0 4.0 661.0
37100.0 50020.0 7.0 7.0 5.0 649.0
37200.0 50002.0 6.0 6.0 2.0 672.0
37300.0 50031.0 6.0 9.0 5.0 637.0
37400.0 50025.0 4.0 13.0 6.0 640.0
37500.0 50001.0 5.0 11.0 5.0 666.0
37600.0 50015.0 3.0 12.0 1.0 657.0
37700.0 50040.0 6.0 11.0 5.0 626.0
37800.0 50031.0 9.0 11.0 4.0 633.0
37900.0 49979.0 5.0 10.0 2.0 692.0
38000.0 50005.0 4.0 13.0 6.0 660.0
38100.0 50053.0 4.0 12.0 7.0 612.0
38200.0 50030.0 4.0 13.0 5.0 636.0
38300.0 50010.0 6.0 9.0 4.0 659.0
38400.0 50021.0 7.0 9.0 5.0 646.0
38500.0 50025.0 6.0 10.0 4.0 643.0
38600.0 50049.0 0.0 12.0 4.0 623.0
38700.0 50000.0 6.0 10.0 3.0 669.0
38800.0 49996.0 6.0 16.0 4.0 666.0
38900.0 50023.0 6.0 16.0 2.0 641.0
39000.0 50052.0 5.0 18.0 4.0 609.0
39100.0 49978.0 3.0 6.0 8.0 693.0
39200.0 50032.0 5.0 9.0 3.0 639.0
39300.0 50038.0 6.0 13.0 4.0 627.0
39400.0 50046.0 5.0 7.0 3.0 627.0
39500.0 49986.0 4.0 12.0 5.0 681.0
39600.0 50020.0 4.0 10.0 3.0 651.0
39700.0 50048.0 5.0 16.0 3.0 616.0
39800.0 50006.0 4.0 10.0 6.0 662.0
39900.0 50028.0 5.0 7.0 1.0 647.0
40000.0 50048.0 3.0 14.0 3.0 620.0
40100.0 49997.0 5.0 16.0 8.0 662.0
40200.0 50009.0 3.0 12.0 2.0 662.0
40300.0 49998.0 1.0 11.0 1.0 677.0
40400.0 49991.0 2.0 9.0 4.0 682.0
40500.0 50005.0 4.0 14.0 2.0 663.0
40600.0 49996.0 3.0 10.0 2.0 677.0
40700.0 49986.0 4.0 11.0 5.0 682.0
40800.0 50032.0 5.0 13.0 4.0 634.0
40900.0 49973.0 1.0 11.0 5.0 698.0
41000.0 49983.0 3.0 11.0 3.0 688.0
41100.0 50000.0 4.0 14.0 4.0 666.0
41200.0 50032.0 5.0 12.0 5.0 634.0
41300.0 50005.0 6.0 9.0 3.0 665.0
41400.0 49958.0 4.0 13.0 6.0 707.0
41500.0 49984.0 5.0 15.0 8.0 676.0
41600.0 49989.0 4.0 15.0 5.0 675.0
41700.0 49986.0 6.0 10.0 3.0 683.0
41800.0 49999.0 5.0 13.0 4.0 667.0
41900.0 49995.0 7.0 15.0 3.0 668.0
42000.0 50006.0 5.0 15.0 3.0 659.0
42100.0 50036.0 3.0 13.0 4.0 632.0
42200.0 49981.0 5.0 18.0 5.0 679.0
42300.0 50025.0 4.0 11.0 3.0 645.0
42400.0 49975.0 3.0 11.0 5.0 694.0
42500.0 50002.0 2.0 13.0 5.0 666.0
42600.0 50002.0 4.0 7.0 3.0 672.0
42700.0 49969.0 7.0 10.0 3.0 699.0
42800.0 50016.0 5.0 11.0 4.0 652.0
42900.0 50002.0 4.0 11.0 6.0 665.0
43000.0 50023.0 4.0 10.0 5.0 646.0
43100.0 50028.0 3.0 6.0 4.0 647.0
43200.0 49997.0 4.0 11.0 5.0 671.0
43300.0 50050.0 5.0 13.0 5.0 615.0
43400.0 49976.0 6.0 15.0 4.0 687.0
43500.0 49955.0 4.0 15.0 8.0 706.0
43600.0 50005.0 7.0 11.0 2.0 663.0
43700.0 50017.0 5.0 11.0 7.0 648.0
43800.0 49990.0 6.0 14.0 3.0 675.0
43900.0 49978.0 4.0 12.0 5.0 689.0
44000.0 50035.0 8.0 8.0 5.0 632.0
44100.0 49995.0 6.0 11.0 5.0 671.0
44200.0 50048.0 6.0 13.0 4.0 617.0
44300.0 50010.0 3.0 15.0 8.0 652.0
44400.0 49981.0 3.0 14.0 4.0 686.0
44500.0 50061.0 4.0 12.0 4.0 607.0
44600.0 50010.0 3.0 11.0 5.0 659.0
44700.0 49963.0 4.0 12.0 2.0 707.0
44800.0 50006.0 7.0 9.0 6.0 660.0
44900.0 50033.0 6.0 7.0 4.0 638.0
45000.0 49986.0 3.0 12.0 6.0 681.0
45100.0 50007.0 3.0 13.0 6.0 659.0
45200.0 49960.0 5.0 13.0 8.0 702.0
45300.0 50003.0 4.0 11.0 4.0 666.0
45400.0 49972.0 4.0 12.0 4.0 696.0
45500.0 49985.0 3.0 14.0 3.0 683.0
45600.0 50023.0 3.0 10.0 4.0 648.0
45700.0 50000.0 5.0 16.0 6.0 661.0
45800.0 49987.0 7.0 7.0 3.0 684.0
45900.0 49989.0 3.0 15.0 4.0 677.0
46000.0 50016.0 3.0 10.0 3.0 656.0
46100.0 49972.0 3.0 10.0 2.0 701.0
46200.0 49998.0 8.0 14.0 4.0 664.0
46300.0 49997.0 8.0 10.0 6.0 667.0
46400.0 50003.0 7.0 8.0 4.0 666.0
46500.0 50006.0 4.0 12.0 5.0 661.0
46600.0 50021.0 6.0 6.0 2.0 653.0
46700.0 50019.0 5.0 11.0 4.0 649.0
46800.0 50031.0 5.0 5.0 6.0 641.0
46900.0 50019.0 5.0 9.0 1.0 654.0
47000.0 50006.0 7.0 13.0 1.0 661.0
47100.0 49971.0 3.0 7.0 6.0 701.0
47200.0 49994.0 5.0 17.0 3.0 669.0
47300.0 49953.0 7.0 15.0 10.0 703.0
47400.0 50034.0 5.0 8.0 5.0 636.0
47500.0 50001.0 6.0 11.0 6.0 664.0
47600.0 49974.0 6.0 8.0 4.0 696.0
47700.0 49954.0 4.0 9.0 2.0 719.0
47800.0 50016.0 3.0 8.0 2.0 659.0
47900.0 49993.0 4.0 11.0 8.0 672.0
48000.0 50002.0 6.0 14.0 1.0 665.0
48100.0 49969.0 5.0 9.0 3.0 702.0
48200.0 49994.0 6.0 14.0 6.0 668.0
48300.0 49967.0 6.0 16.0 4.0 695.0
48400.0 50016.0 4.0 13.0 2.0 653.0
48500.0 49982.0 0.0 10.0 4.0 692.0
48600.0 50025.0 2.0 3.0 2.0 656.0
48700.0 49979.0 6.0 10.0 5.0 688.0
48800.0 49986.0 5.0 15.0 3.0 679.0
48900.0 49967.0 4.0 15.0 2.0 700.0
49000.0 49988.0 4.0 14.0 4.0 678.0
49100.0 50019.0 5.0 10.0 4.0 650.0
49200.0 50015.0 5.0 13.0 3.0 652.0
49300.0 50032.0 3.0 9.0 7.0 637.0
49400.0 49955.0 4.0 8.0 7.0 714.0
49500.0 49994.0 3.0 13.0 2.0 676.0
49600.0 50036.0 6.0 9.0 7.0 630.0
49700.0 50016.0 4.0 8.0 4.0 656.0
49800.0 49991.0 4.0 14.0 4.0 675.0
49900.0 49995.0 5.0 11.0 3.0 674.0
50000.0 49989.0 5.0 9.0 4.0 681.0
50100.0 49947.0 4.0 13.0 5.0 719.0
50200.0 49993.0 5.0 11.0 5.0 674.0
50300.0 49994.0 7.0 12.0 8.0 667.0
50400.0 49973.0 6.0 12.0 4.0 693.0
50500.0 50006.0 3.0 10.0 3.0 666.0
50600.0 49997.0 2.0 12.0 8.0 669.0
50700.0 49994.0 6.0 10.0 3.0 675.0
50800.0 49990.0 6.0 12.0 3.0 677.0
50900.0 50002.0 4.0 13.0 2.0 667.0
51000.0 50023.0 6.0 6.0 7.0 646.0
51100.0 49980.0 5.0 6.0 3.0 694.0
51200.0 49971.0 5.0 12.0 6.0 694.0
51300.0 50020.0 4.0 14.0 3.0 647.0
51400.0 49974.0 6.0 11.0 4.0 693.0
51500.0 49958.0 4.0 12.0 4.0 710.0
51600.0 50012.0 4.0 11.0 4.0 657.0
51700.0 49995.0 6.0 13.0 2.0 672.0
51800.0 49968.0 3.0 7.0 5.0 705.0
51900.0 49976.0 6.0 13.0 1.0 692.0
52000.0 49997.0 5.0 9.0 6.0 671.0
52100.0 49984.0 3.0 11.0 7.0 683.0
52200.0 50023.0 3.0 11.0 6.0 645.0
52300.0 49957.0 2.0 11.0 4.0 714.0
52400.0 49980.0 4.0 11.0 5.0 688.0
52500.0 49956.0 5.0 7.0 5.0 715.0
52600.0 49984.0 5.0 14.0 1.0 684.0
52700.0 50024.0 6.0 13.0 5.0 640.0
52800.0 49979.0 4.0 11.0 5.0 689.0
52900.0 49964.0 5.0 10.0 6.0 703.0
53000.0 50011.0 6.0 13.0 6.0 652.0
53100.0 49977.0 4.0 12.0 4.0 691.0
53200.0 49987.0 4.0 12.0 6.0 679.0
53300.0 50005.0 3.0 11.0 2.0 667.0
53400.0 50014.0 6.0 13.0 2.0 653.0
53500.0 49980.0 2.0 13.0 4.0 689.0
53600.0 49965.0 3.0 11.0 4.0 705.0
53700.0 49997.0 4.0 13.0 4.0 670.0
53800.0 49985.0 7.0 11.0 5.0 680.0
53900.0 49982.0 4.0 13.0 6.0 683.0
54000.0 49966.0 4.0 7.0 3.0 708.0
54100.0 50008.0 4.0 9.0 3.0 664.0
54200.0 49982.0 1.0 14.0 6.0 685.0
54300.0 49998.0 3.0 8.0 3.0 676.0
54400.0 50005.0 5.0 9.0 8.0 661.0
54500.0 50001.0 4.0 10.0 3.0 670.0
54600.0 49967.0 7.0 8.0 4.0 702.0
54700.0 49953.0 1.0 17.0 4.0 713.0
54800.0 49971.0 4.0 9.0 4.0 700.0
54900.0 49984.0 6.0 13.0 4.0 681.0
55000.0 50011.0 5.0 21.0 4.0 647.0
55100.0 49956.0 5.0 17.0 6.0 704.0
55200.0 49975.0 6.0 10.0 5.0 692.0
55300.0 49963.0 5.0 12.0 3.0 705.0
55400.0 50000.0 3.0 16.0 3.0 666.0
55500.0 49918.0 6.0 14.0 5.0 745.0
55600.0 49959.0 5.0 13.0 2.0 709.0
55700.0 50007.0 3.0 11.0 8.0 659.0
55800.0 49975.0 4.0 9.0 4.0 696.0
55900.0 50004.0 5.0 15.0 6.0 658.0
56000.0 50010.0 5.0 8.0 3.0 662.0
56100.0 49990.0 4.0 13.0 6.0 675.0
56200.0 49955.0 3.0 11.0 3.0 716.0
56300.0 49967.0 4.0 7.0 2.0 708.0
56400.0 50005.0 3.0 6.0 2.0 672.0
56500.0 49939.0 4.0 10.0 4.0 731.0
56600.0 49989.0 2.0 8.0 3.0 686.0
56700.0 49962.0 6.0 14.0 2.0 704.0
56800.0 49970.0 4.0 9.0 7.0 698.0
56900.0 49988.0 5.0 8.0 5.0 682.0
57000.0 49986.0 4.0 13.0 5.0 680.0
57100.0 49976.0 3.0 13.0 4.0 692.0
57200.0 50005.0 5.0 11.0 2.0 665.0
57300.0 50000.0 3.0 8.0 2.0 675.0
57400.0 49994.0 2.0 8.0 3.0 681.0
57500.0 50001.0 3.0 8.0 2.0 674.0
57600.0 49965.0 4.0 9.0 5.0 705.0
57700.0 50011.0 3.0 9.0 3.0 662.0
57800.0 50001.0 5.0 11.0 6.0 665.0
57900.0 49960.0 4.0 11.0 4.0 709.0
58000.0 50019.0 5.0 15.0 4.0 645.0
58100.0 49975.0 3.0 11.0 3.0 696.0
58200.0 49986.0 4.0 9.0 9.0 680.0
58300.0 49955.0 6.0 14.0 8.0 705.0
58400.0 49993.0 2.0 14.0 4.0 675.0
58500.0 49993.0 4.0 12.0 7.0 672.0
58600.0 49997.0 4.0 12.0 2.0 673.0
58700.0 49991.0 5.0 9.0 2.0 681.0
58800.0 49996.0 2.0 10.0 5.0 675.0
58900.0 49967.0 3.0 8.0 4.0 706.0
59000.0 50012.0 3.0 8.0 3.0 662.0
59100.0 49968.0 5.0 6.0 2.0 707.0
59200.0 49989.0 5.0 10.0 0.0 684.0
59300.0 49982.0 3.0 17.0 5.0 681.0
59400.0 49968.0 3.0 6.0 7.0 704.0
59500.0 50029.0 4.0 12.0 1.0 642.0
59600.0 50027.0 3.0 9.0 3.0 646.0
59700.0 49977.0 6.0 9.0 2.0 694.0
59800.0 49950.0 4.0 16.0 5.0 713.0
59900.0 49994.0 2.0 9.0 2.0 681.0
60000.0 50002.0 5.0 13.0 6.0 662.0
60100.0 49983.0 4.0 9.0 6.0 686.0
60200.0 49962.0 5.0 9.0 0.0 712.0
60300.0 50019.0 6.0 8.0 4.0 651.0
60400.0 50045.0 4.0 14.0 1.0 624.0
60500.0 49980.0 2.0 10.0 5.0 691.0
60600.0 49987.0 4.0 11.0 5.0 681.0
60700.0 49950.0 2.0 16.0 5.0 715.0
60800.0 50002.0 5.0 12.0 2.0 667.0
60900.0 49973.0 5.0 12.0 4.0 694.0
61000.0 49981.0 4.0 12.0 3.0 688.0
61100.0 49994.0 5.0 14.0 4.0 671.0
61200.0 49939.0 4.0 13.0 6.0 726.0
61300.0 49987.0 2.0 14.0 4.0 681.0
61400.0 49977.0 6.0 9.0 5.0 691.0
61500.0 49952.0 3.0 10.0 4.0 719.0
61600.0 49986.0 4.0 9.0 2.0 687.0
61700.0 49995.0 5.0 16.0 5.0 667.0
61800.0 49963.0 3.0 16.0 3.0 703.0
61900.0 49931.0 5.0 14.0 1.0 737.0
62000.0 49998.0 4.0 14.0 4.0 668.0
62100.0 50020.0 6.0 11.0 8.0 643.0
62200.0 49947.0 7.0 7.0 5.0 722.0
62300.0 49974.0 5.0 7.0 4.0 698.0
62400.0 49996.0 4.0 12.0 4.0 672.0
62500.0 49980.0 4.0 17.0 5.0 682.0
62600.0 50000.0 3.0 12.0 6.0 667.0
62700.0 50010.0 8.0 11.0 3.0 656.0
62800.0 49959.0 5.0 10.0 1.0 713.0
62900.0 49962.0 4.0 14.0 2.0 706.0
63000.0 49979.0 3.0 15.0 4.0 687.0
63100.0 49954.0 3.0 10.0 5.0 716.0
63200.0 49972.0 2.0 10.0 5.0 699.0
63300.0 49995.0 3.0 9.0 6.0 675.0
63400.0 49995.0 3.0 20.0 4.0 666.0
63500.0 50017.0 3.0 10.0 4.0 654.0
63600.0 49950.0 3.0 12.0 4.0 719.0
63700.0 49970.0 3.0 12.0 4.0 699.0
63800.0 50010.0 7.0 11.0 3.0 657.0
63900.0 49960.0 7.0 14.0 4.0 703.0
64000.0 49992.0 3.0 11.0 7.0 675.0
64100.0 49965.0 3.0 11.0 4.0 705.0
64200.0 49940.0 5.0 14.0 1.0 728.0
64300.0 49984.0 5.0 13.0 4.0 682.0
64400.0 49967.0 5.0 15.0 1.0 700.0
64500.0 49962.0 3.0 10.0 3.0 710.0
64600.0 49964.0 6.0 7.0 7.0 704.0
64700.0 50007.0 6.0 12.0 3.0 660.0
64800.0 49970.0 4.0 12.0 2.0 700.0
64900.0 49967.0 3.0 9.0 0.0 709.0
65000.0 50003.0 4.0 9.0 2.0 670.0
65100.0 49973.0 5.0 12.0 6.0 692.0
65200.0 49992.0 4.0 11.0 7.0 674.0
65300.0 49926.0 4.0 8.0 6.0 744.0
65400.0 49988.0 5.0 9.0 2.0 684.0
65500.0 49950.0 5.0 14.0 3.0 716.0
65600.0 49999.0 6.0 9.0 2.0 672.0
65700.0 49972.0 5.0 12.0 2.0 697.0
65800.0 49998.0 2.0 11.0 5.0 672.0
65900.0 49924.0 5.0 14.0 3.0 742.0
66000.0 49976.0 5.0 11.0 5.0 691.0
66100.0 49983.0 5.0 6.0 3.0 691.0
66200.0 49954.0 3.0 12.0 3.0 716.0
66300.0 49978.0 6.0 11.0 5.0 688.0
66400.0 49977.0 5.0 13.0 3.0 690.0
66500.0 49962.0 6.0 11.0 6.0 703.0
66600.0 49989.0 3.0 8.0 3.0 685.0
66700.0 49992.0 3.0 5.0 4.0 684.0
66800.0 49990.0 4.0 14.0 6.0 674.0
66900.0 49993.0 4.0 15.0 7.0 669.0
67000.0 50012.0 3.0 12.0 4.0 657.0
67100.0 49960.0 5.0 10.0 1.0 712.0
67200.0 49971.0 1.0 11.0 3.0 702.0
67300.0 49957.0 8.0 15.0 3.0 705.0
67400.0 49964.0 4.0 11.0 4.0 705.0
67500.0 49991.0 4.0 12.0 4.0 677.0
67600.0 49983.0 7.0 8.0 5.0 685.0
67700.0 49959.0 5.0 11.0 2.0 711.0
67800.0 49964.0 4.0 18.0 1.0 701.0
67900.0 49950.0 4.0 9.0 3.0 722.0
68000.0 49973.0 6.0 12.0 1.0 696.0
68100.0 49987.0 6.0 12.0 2.0 681.0
68200.0 50002.0 4.0 11.0 7.0 664.0
68300.0 49972.0 5.0 13.0 5.0 693.0
68400.0 49967.0 4.0 11.0 4.0 702.0
68500.0 49964.0 5.0 12.0 5.0 702.0
68600.0 49954.0 5.0 13.0 3.0 713.0
68700.0 49953.0 5.0 15.0 3.0 712.0
68800.0 50004.0 4.0 13.0 5.0 662.0
68900.0 49935.0 4.0 16.0 5.0 728.0
69000.0 49985.0 6.0 15.0 5.0 677.0
69100.0 50002.0 4.0 10.0 1.0 671.0
69200.0 50008.0 5.0 11.0 5.0 659.0
69300.0 49990.0 6.0 13.0 6.0 673.0
69400.0 49970.0 6.0 11.0 3.0 698.0
69500.0 49962.0 7.0 11.0 4.0 704.0
69600.0 49989.0 4.0 9.0 4.0 682.0
69700.0 49966.0 5.0 9.0 4.0 704.0
69800.0 49969.0 3.0 13.0 2.0 701.0
