# xlin
-2.036462030179999871e+01
-1.920122553830144696e+01
-1.803783077480289876e+01
-1.687443601130434701e+01
-1.571104124780579525e+01
-1.454764648430724527e+01
-1.338425172080869530e+01
-1.222085695731014354e+01
-1.105746219381159356e+01
-9.894067430313043587e+00
-8.730672666814491834e+00
-7.567277903315941856e+00
-6.403883139817391879e+00
-5.240488376318840125e+00
-4.077093612820288371e+00
-2.913698849321740170e+00
-1.750304085823188416e+00
-5.869093223246366620e-01
5.764854411739115392e-01
1.739880204672463293e+00
2.903274968171015047e+00
4.066669731669563248e+00
5.230064495168115002e+00
6.393459258666666756e+00
7.556854022165214957e+00
8.720248785663766711e+00
9.883643549162318465e+00
1.104703831266087022e+01
1.221043307615942197e+01
1.337382783965796662e+01
1.453722260315651837e+01
1.570061736665507013e+01
1.686401213015362188e+01
1.802740689365217364e+01
1.919080165715072539e+01
2.035419642064927714e+01
2.151759118414782179e+01
2.268098594764637355e+01
2.384438071114492530e+01
2.500777547464347705e+01
2.617117023814202881e+01
2.733456500164058056e+01
2.849795976513912521e+01
2.966135452863767696e+01
3.082474929213622872e+01
3.198814405563478047e+01
3.315153881913333578e+01
3.431493358263188043e+01
3.547832834613042507e+01
3.664172310962898393e+01
3.780511787312752858e+01
3.896851263662608744e+01
4.013190740012463209e+01
4.129530216362319095e+01
4.245869692712173560e+01
4.362209169062028025e+01
4.478548645411883911e+01
4.594888121761738375e+01
4.711227598111592840e+01
4.827567074461448726e+01
4.943906550811303191e+01
5.060246027161159077e+01
5.176585503511013542e+01
5.292924979860869428e+01
5.409264456210723893e+01
5.525603932560578357e+01
5.641943408910434243e+01
5.758282885260288708e+01
5.874622361610144594e+01
