# gamma d2min std
4.000000000000006155e-03 6.363307804036458792e-01 4.393736828628048707e-01
5.999999999999928134e-03 6.273582045099431737e-01 4.146675473930231393e-01
8.000000000000012310e-03 6.334950289358428632e-01 4.337810027863909790e-01
9.999999999999934289e-03 6.426409588127367511e-01 4.512176220061018261e-01
1.200000000000001933e-02 6.379170873224432325e-01 4.464562115653321617e-01
1.399999999999994131e-02 6.414423353160512153e-01 4.604741106712023635e-01
1.600000000000002462e-02 6.413592496468591975e-01 4.451089915931311092e-01
1.799999999999994660e-02 6.488118081932607861e-01 4.633956782150276954e-01
2.000000000000003164e-02 6.448961228042140448e-01 4.640980510041570195e-01
2.199999999999995015e-02 6.505888352864583890e-01 4.869590187868118591e-01
2.400000000000003866e-02 6.541201834063288256e-01 4.631394572239133089e-01
2.599999999999996064e-02 6.564366014007261274e-01 4.936420352417072999e-01
2.800000000000004569e-02 6.606772690400095627e-01 5.025552356365786677e-01
2.999999999999996766e-02 6.611558861841067003e-01 4.843432279890119152e-01
3.200000000000004924e-02 6.786258114464962521e-01 5.087948836458535684e-01
3.399999999999997469e-02 6.742734117246684811e-01 5.099357743358493567e-01
3.600000000000005973e-02 6.819672163154987254e-01 5.460119724238285954e-01
3.799999999999997824e-02 6.791807125808869694e-01 5.442865816237012488e-01
4.000000000000006328e-02 6.923261310783616063e-01 5.709854344979592433e-01
4.199999999999998873e-02 7.017183861742425366e-01 5.751965602071226202e-01
4.400000000000007377e-02 7.085910386955492912e-01 5.785593216722296761e-01
4.599999999999999228e-02 7.050505028270991348e-01 5.747887303986909391e-01
4.799999999999991773e-02 7.233026539812184019e-01 6.076376354501702437e-01
5.000000000000000278e-02 7.344713122218274881e-01 6.357057473553869853e-01
5.200000000000008782e-02 7.451190199317392349e-01 6.540762070353206559e-01
5.400000000000000633e-02 7.472511198390150433e-01 6.637400933300364736e-01
5.599999999999993178e-02 7.630873529454702542e-01 6.930653783168883031e-01
5.800000000000000988e-02 7.711557788963857574e-01 7.394535774125796657e-01
5.999999999999993533e-02 7.805352212496055042e-01 7.419140362992718840e-01
6.200000000000002037e-02 7.938004944543086694e-01 7.717765556160017804e-01
6.399999999999994582e-02 8.236498774049083593e-01 8.212809350559212573e-01
6.600000000000003086e-02 8.244203996172665416e-01 8.311996584873259097e-01
6.799999999999994937e-02 8.504314892637311329e-01 8.903562073710979963e-01
7.000000000000003442e-02 8.545434574554134910e-01 9.271407008313029552e-01
7.199999999999995293e-02 8.992248589192708419e-01 1.023922518222733391e+00
7.400000000000003797e-02 9.027511182567866665e-01 9.962995343128728809e-01
7.599999999999995648e-02 9.372834637567075688e-01 1.088710490225448968e+00
7.800000000000004152e-02 9.348831969184027146e-01 1.047806586103951609e+00
7.999999999999997391e-02 9.814814992858268416e-01 1.184551585989380262e+00
8.200000000000005895e-02 1.005054879884785368e+00 1.199403175702661084e+00
8.399999999999997746e-02 1.027987022713462650e+00 1.295388806337317122e+00
8.600000000000006251e-02 1.054671961998895124e+00 1.435085268901048261e+00
8.799999999999998102e-02 1.101278595308554209e+00 1.500935109863695160e+00
9.000000000000006606e-02 1.136777284390782849e+00 1.561779408113391554e+00
9.199999999999998457e-02 1.172464875110479587e+00 1.633854381246288012e+00
9.400000000000006961e-02 1.227251225295928005e+00 1.697708970117211003e+00
9.599999999999998812e-02 1.271611927142519027e+00 1.797430265225315571e+00
9.799999999999992051e-02 1.294996944791666715e+00 1.797435512666472945e+00
1.000000000000000056e-01 1.362245683307686139e+00 1.939838170824989882e+00
1.020000000000000906e-01 1.431680605257654504e+00 2.094442012329186031e+00
1.040000000000000091e-01 1.501383494351720138e+00 2.249577167385211407e+00
1.059999999999999276e-01 1.553778438508128135e+00 2.309913932080612131e+00
1.080000000000000127e-01 1.641344261931818593e+00 2.540429663723954956e+00
1.100000000000000977e-01 1.711319968850615547e+00 2.648936712324432730e+00
1.120000000000000162e-01 1.788547589082228439e+00 2.866218407142435698e+00
1.139999999999999347e-01 1.883173844195864755e+00 3.026407313524106524e+00
1.160000000000000198e-01 2.007037516256312770e+00 3.351473573806347694e+00
1.179999999999999521e-01 2.231168292883917381e+00 3.926145141032959529e+00
1.200000000000000372e-01 2.402264466506865315e+00 4.294729495885671433e+00
1.219999999999999279e-01 2.566033263618608284e+00 4.655877481047029143e+00
1.240000000000000407e-01 2.735036304851246935e+00 4.920299803479630363e+00
1.259999999999999731e-01 2.977871214918718312e+00 5.608564037859379070e+00
1.280000000000000304e-01 3.312554367150015722e+00 6.381622387573398392e+00
1.299999999999999489e-01 3.642526712760416618e+00 7.165766659373864478e+00
1.320000000000000617e-01 4.211680946148989690e+00 8.486623077707966090e+00
1.339999999999999802e-01 4.793833694458254691e+00 9.838751301837492136e+00
1.360000000000000375e-01 5.158184766059028092e+00 1.076113622895287847e+01
1.380000000000000115e-01 5.656565142769492738e+00 1.194905492075640119e+01
1.399999999999999301e-01 6.160454653308475415e+00 1.323675638492953333e+01
1.419999999999999873e-01 6.398775305052478046e+00 1.371327358627261184e+01
1.440000000000001001e-01 6.490124793150251925e+00 1.393201483722962664e+01
1.460000000000000187e-01 6.724283497165010282e+00 1.449681714388020737e+01
1.479999999999999094e-01 6.919265757309422504e+00 1.492182969384350422e+01
1.499999999999999944e-01 7.047165554318576497e+00 1.515878750274077369e+01
1.520000000000001072e-01 7.248609066654830180e+00 1.557853900117020096e+01
1.539999999999999980e-01 7.315618762271149045e+00 1.579095670712758803e+01
1.559999999999999165e-01 7.426072118229167351e+00 1.607879308805872398e+01
1.580000000000000016e-01 7.566955599814552791e+00 1.635573777101527426e+01
1.600000000000000866e-01 7.664367984209278895e+00 1.666104839206004939e+01
1.620000000000000329e-01 7.833613384524937828e+00 1.710188747513763730e+01
1.639999999999999514e-01 7.993543056697838267e+00 1.743054851661910831e+01
1.660000000000000364e-01 8.241263684203362416e+00 1.804827104392978043e+01
1.679999999999999549e-01 8.370829156684028050e+00 1.834759518871352668e+01
1.700000000000000400e-01 8.626080406614978102e+00 1.889942195455776996e+01
1.719999999999999585e-01 8.846115115104167259e+00 1.938666616197287951e+01
1.740000000000000435e-01 8.957577365642755751e+00 1.966707148867578780e+01
1.759999999999999620e-01 9.125133663030696951e+00 1.997735330928357556e+01
1.780000000000000471e-01 9.362326179768386325e+00 2.055500373692918359e+01
1.799999999999999656e-01 9.491260027148436862e+00 2.083363894836737984e+01
1.820000000000000506e-01 9.700156177268782542e+00 2.125125412023218985e+01
1.839999999999999691e-01 9.801408677909959621e+00 2.141540175376398736e+01
1.860000000000000542e-01 9.928471810162168509e+00 2.167788567299093572e+01
1.879999999999999727e-01 1.003929119225063182e+01 2.195581356278458429e+01
1.899999999999999745e-01 1.018579531437618435e+01 2.230211900055847707e+01
1.919999999999999762e-01 1.038025447792574063e+01 2.262779676483925329e+01
1.939999999999999780e-01 1.058630825570746659e+01 2.325223485699545378e+01
1.959999999999999798e-01 1.078092296032591690e+01 2.362942038520382937e+01
1.980000000000000093e-01 1.091094079943576567e+01 2.387115791368856677e+01
2.000000000000000111e-01 1.106720893505760372e+01 2.424164049970260493e+01
