# xlin
-4.012497937028120276e+01
-3.896193648998319503e+01
-3.779889360968519441e+01
-3.663585072938718668e+01
-3.547280784908917894e+01
-3.430976496879117121e+01
-3.314672208849316348e+01
-3.198367920819516286e+01
-3.082063632789715513e+01
-2.965759344759914740e+01
-2.849455056730114322e+01
-2.733150768700313904e+01
-2.616846480670513131e+01
-2.500542192640712358e+01
-2.384237904610911940e+01
-2.267933616581111522e+01
-2.151629328551310749e+01
-2.035325040521509976e+01
-1.919020752491709558e+01
-1.802716464461909140e+01
-1.686412176432108367e+01
-1.570107888402307594e+01
-1.453803600372507177e+01
-1.337499312342706759e+01
-1.221195024312905986e+01
-1.104890736283105213e+01
-9.885864482533047948e+00
-8.722821602235043770e+00
-7.559778721937036039e+00
-6.396735841639028308e+00
-5.233692961341027683e+00
-4.070650081043019952e+00
-2.907607200745012221e+00
-1.744564320447004491e+00
-5.815214401489967599e-01
5.815214401490038654e-01
1.744564320447011596e+00
2.907607200745019327e+00
4.070650081043019952e+00
5.233692961341027683e+00
6.396735841639035414e+00
7.559778721937043144e+00
8.722821602235050875e+00
9.885864482533051500e+00
1.104890736283105923e+01
1.221195024312906696e+01
1.337499312342706759e+01
1.453803600372507532e+01
1.570107888402308305e+01
1.686412176432109078e+01
1.802716464461909851e+01
1.919020752491709914e+01
2.035325040521510687e+01
2.151629328551311460e+01
2.267933616581111522e+01
2.384237904610912295e+01
2.500542192640713068e+01
2.616846480670513841e+01
2.733150768700314615e+01
2.849455056730115388e+01
2.965759344759914740e+01
3.082063632789715513e+01
3.198367920819516286e+01
3.314672208849317059e+01
3.430976496879117832e+01
3.547280784908918605e+01
3.663585072938719378e+01
3.779889360968520151e+01
3.896193648998320924e+01
