# xlin
-2.020452919902369970e+01
-1.904577475567083766e+01
-1.788702031231797918e+01
-1.672826586896511714e+01
-1.556951142561225687e+01
-1.441075698225939661e+01
-1.325200253890653457e+01
-1.209324809555367430e+01
-1.093449365220081404e+01
-9.775739208847953776e+00
-8.616984765495093512e+00
-7.458230322142231472e+00
-6.299475878789371208e+00
-5.140721435436510944e+00
-3.981966992083648904e+00
-2.823212548730790417e+00
-1.664458105377928376e+00
-5.057036620250663361e-01
6.530507813277921514e-01
1.811805224680654192e+00
2.970559668033512679e+00
4.129314111386374719e+00
5.288068554739236760e+00
6.446822998092095247e+00
7.605577441444957287e+00
8.764331884797819328e+00
9.923086328150677815e+00
1.108184077150353986e+01
1.224059521485640190e+01
1.339934965820926394e+01
1.455810410156211887e+01
1.571685854491498091e+01
1.687561298826784295e+01
1.803436743162070499e+01
1.919312187497356703e+01
2.035187631832642197e+01
2.151063076167928401e+01
2.266938520503214605e+01
2.382813964838500809e+01
2.498689409173787013e+01
2.614564853509072506e+01
2.730440297844358710e+01
2.846315742179644914e+01
2.962191186514931118e+01
3.078066630850217322e+01
3.193942075185503526e+01
3.309817519520788665e+01
3.425692963856074869e+01
3.541568408191361073e+01
3.657443852526647277e+01
3.773319296861933481e+01
3.889194741197219685e+01
4.005070185532505889e+01
4.120945629867792093e+01
4.236821074203078297e+01
4.352696518538364501e+01
4.468571962873650705e+01
4.584447407208936909e+01
4.700322851544223113e+01
4.816198295879507896e+01
4.932073740214794100e+01
5.047949184550080304e+01
5.163824628885366508e+01
5.279700073220652712e+01
5.395575517555938916e+01
5.511450961891225120e+01
5.627326406226511324e+01
5.743201850561797528e+01
5.859077294897083732e+01
