# xlin
-2.036370061331529868e+01
-1.920033250745398590e+01
-1.803696440159267311e+01
-1.687359629573136033e+01
-1.571022818987004577e+01
-1.454686008400873298e+01
-1.338349197814741842e+01
-1.222012387228610564e+01
-1.105675576642479285e+01
-9.893387660563480068e+00
-8.730019554702167284e+00
-7.566651448840852723e+00
-6.403283342979539938e+00
-5.239915237118227154e+00
-4.076547131256912593e+00
-2.913179025395599808e+00
-1.749810919534287024e+00
-5.864428136729742391e-01
5.769252921883385454e-01
1.740293398049651330e+00
2.903661503910964115e+00
4.067029609772280452e+00
5.230397715633593236e+00
6.393765821494906021e+00
7.557133927356218805e+00
8.720502033217531590e+00
9.883870139078844375e+00
1.104723824494015716e+01
1.221060635080147350e+01
1.337397445666278273e+01
1.453734256252409907e+01
1.570071066838540830e+01
1.686407877424672463e+01
1.802744688010804097e+01
1.919081498596935020e+01
2.035418309183066654e+01
2.151755119769197577e+01
2.268091930355329211e+01
2.384428740941460134e+01
2.500765551527591768e+01
2.617102362113722691e+01
2.733439172699854325e+01
2.849775983285985959e+01
2.966112793872116882e+01
3.082449604458248515e+01
3.198786415044379439e+01
3.315123225630510717e+01
3.431460036216641640e+01
3.547796846802773985e+01
3.664133657388904908e+01
3.780470467975035831e+01
3.896807278561168175e+01
4.013144089147299098e+01
4.129480899733430022e+01
4.245817710319560945e+01
4.362154520905693289e+01
4.478491331491824212e+01
4.594828142077955135e+01
4.711164952664086059e+01
4.827501763250218403e+01
4.943838573836349326e+01
5.060175384422480249e+01
5.176512195008611172e+01
5.292849005594743517e+01
5.409185816180874440e+01
5.525522626767005363e+01
5.641859437353137707e+01
5.758196247939268630e+01
5.874533058525399554e+01
