# ylin
-2.204394950756880078e+01
-2.091111965794249272e+01
-1.977828980831618111e+01
-1.864545995868987305e+01
-1.751263010906356499e+01
-1.637980025943725337e+01
-1.524697040981094531e+01
-1.411414056018463725e+01
-1.298131071055832741e+01
-1.184848086093201758e+01
-1.071565101130570952e+01
-9.582821161679399680e+00
-8.449991312053089842e+00
-7.317161462426781782e+00
-6.184331612800471945e+00
-5.051501763174162107e+00
-3.918671913547854047e+00
-2.785842063921545986e+00
-1.653012214295234372e+00
-5.201823646689263114e-01
6.126474849573817494e-01
1.745477334583693363e+00
2.878307184210001424e+00
4.011137033836309485e+00
5.143966883462621098e+00
6.276796733088929159e+00
7.409626582715237220e+00
8.542456432341545280e+00
9.675286281967856894e+00
1.080811613159416495e+01
1.194094598122047657e+01
1.307377583084678108e+01
1.420660568047309269e+01
1.533943553009940430e+01
1.647226537972570881e+01
1.760509522935202043e+01
1.873792507897833204e+01
1.987075492860463655e+01
2.100358477823094816e+01
2.213641462785725977e+01
2.326924447748356428e+01
2.440207432710987590e+01
2.553490417673618751e+01
2.666773402636249202e+01
2.780056387598880363e+01
2.893339372561511524e+01
3.006622357524141975e+01
3.119905342486773137e+01
3.233188327449404653e+01
3.346471312412035104e+01
3.459754297374665555e+01
3.573037282337296006e+01
3.686320267299927878e+01
3.799603252262558328e+01
3.912886237225188779e+01
4.026169222187820651e+01
4.139452207150451102e+01
4.252735192113082974e+01
4.366018177075713425e+01
4.479301162038343875e+01
4.592584147000975747e+01
4.705867131963606198e+01
4.819150116926236649e+01
4.932433101888868521e+01
5.045716086851498972e+01
5.158999071814129422e+01
5.272282056776761294e+01
5.385565041739391745e+01
5.498848026702022196e+01
5.612131011664654068e+01
5.725413996627284519e+01
5.838696981589914969e+01
5.951979966552546841e+01
6.065262951515177292e+01
6.178545936477807743e+01
6.291828921440439615e+01
6.405111906403070066e+01
