# xlin
-2.035896802490299962e+01
-1.919573709551740492e+01
-1.803250616613181023e+01
-1.686927523674621909e+01
-1.570604430736062440e+01
-1.454281337797502971e+01
-1.337958244858943502e+01
-1.221635151920384210e+01
-1.105312058981824741e+01
-9.889889660432652718e+00
-8.726658731047059803e+00
-7.563427801661465111e+00
-6.400196872275870419e+00
-5.236965942890277503e+00
-4.073735013504684588e+00
-2.910504084119089896e+00
-1.747273154733495204e+00
-5.840422253479005121e-01
5.791887040376941798e-01
1.742419633423285319e+00
2.905650562808880011e+00
4.068881492194474703e+00
5.232112421580069395e+00
6.395343350965664087e+00
7.558574280351258778e+00
8.721805209736849918e+00
9.885036139122444609e+00
1.104826706850803930e+01
1.221149799789363044e+01
1.337472892727922869e+01
1.453795985666481982e+01
1.570119078605041807e+01
1.686442171543600921e+01
1.802765264482160035e+01
1.919088357420719859e+01
2.035411450359278973e+01
2.151734543297838798e+01
2.268057636236397911e+01
2.384380729174957025e+01
2.500703822113516850e+01
2.617026915052075964e+01
2.733350007990635788e+01
2.849673100929194902e+01
2.965996193867754016e+01
3.082319286806313841e+01
3.198642379744872954e+01
3.314965472683432779e+01
3.431288565621991893e+01
3.547611658560551717e+01
3.663934751499110831e+01
3.780257844437669945e+01
3.896580937376229770e+01
4.012904030314788884e+01
4.129227123253348708e+01
4.245550216191907822e+01
4.361873309130466936e+01
4.478196402069026050e+01
4.594519495007586585e+01
4.710842587946145699e+01
4.827165680884704813e+01
4.943488773823263926e+01
5.059811866761823040e+01
5.176134959700383575e+01
5.292458052638942689e+01
5.408781145577501803e+01
5.525104238516060917e+01
5.641427331454620031e+01
5.757750424393180566e+01
5.874073517331739680e+01
