# xlin
-2.035005797601240118e+01
-1.918708530891349184e+01
-1.802411264181458250e+01
-1.686113997471566961e+01
-1.569816730761676027e+01
-1.453519464051785093e+01
-1.337222197341893981e+01
-1.220924930632002869e+01
-1.104627663922111935e+01
-9.883303972122210013e+00
-8.720331305023298896e+00
-7.557358637924387779e+00
-6.394385970825478438e+00
-5.231413303726569097e+00
-4.068440636627656204e+00
-2.905467969528746863e+00
-1.742495302429837523e+00
-5.795226353309281819e-01
5.834500317679811587e-01
1.746422698866894052e+00
2.909395365965803393e+00
4.072368033064712733e+00
5.235340700163625627e+00
6.398313367262534967e+00
7.561286034361444308e+00
8.724258701460353649e+00
9.887231368559262989e+00
1.105020403565817588e+01
1.221317670275708878e+01
1.337614936985599456e+01
1.453912203695490746e+01
1.570209470405381325e+01
1.686506737115272614e+01
1.802804003825163903e+01
1.919101270535054482e+01
2.035398537244945771e+01
2.151695803954836350e+01
2.267993070664727639e+01
2.384290337374618929e+01
2.500587604084509508e+01
2.616884870794400797e+01
2.733182137504292086e+01
2.849479404214182665e+01
2.965776670924073954e+01
3.082073937633965244e+01
3.198371204343855823e+01
3.314668471053747112e+01
3.430965737763637691e+01
3.547263004473528980e+01
3.663560271183420269e+01
3.779857537893310848e+01
3.896154804603202138e+01
4.012452071313092716e+01
4.128749338022984006e+01
4.245046604732875295e+01
4.361343871442765874e+01
4.477641138152657874e+01
4.593938404862547742e+01
4.710235671572439031e+01
4.826532938282330321e+01
4.942830204992221610e+01
5.059127471702112899e+01
5.175424738412002768e+01
5.291722005121894057e+01
5.408019271831785346e+01
5.524316538541676636e+01
5.640613805251567925e+01
5.756911071961457793e+01
5.873208338671349082e+01
