# zlin
-2.220938369042719884e+01
-2.107225684753951356e+01
-1.993513000465182827e+01
-1.879800316176414299e+01
-1.766087631887645415e+01
-1.652374947598877242e+01
-1.538662263310108358e+01
-1.424949579021339829e+01
-1.311236894732571301e+01
-1.197524210443802772e+01
-1.083811526155034244e+01
-9.700988418662655377e+00
-8.563861575774970092e+00
-7.426734732887284807e+00
-6.289607889999597745e+00
-5.152481047111912460e+00
-4.015354204224227175e+00
-2.878227361336541890e+00
-1.741100518448856604e+00
-6.039736755611713193e-01
5.331531673265139659e-01
1.670280010214202804e+00
2.807406853101888089e+00
3.944533695989573374e+00
5.081660538877258659e+00
6.218787381764943945e+00
7.355914224652629230e+00
8.493041067540314515e+00
9.630167910428003353e+00
1.076729475331568509e+01
1.190442159620337392e+01
1.304154843909105566e+01
1.417867528197874449e+01
1.531580212486643333e+01
1.645292896775411506e+01
1.759005581064180390e+01
1.872718265352948563e+01
1.986430949641717447e+01
2.100143633930485620e+01
2.213856318219254504e+01
2.327569002508022677e+01
2.441281686796791561e+01
2.554994371085560445e+01
2.668707055374328618e+01
2.782419739663097502e+01
2.896132423951865675e+01
3.009845108240634559e+01
3.123557792529402732e+01
3.237270476818171971e+01
3.350983161106940145e+01
3.464695845395708318e+01
3.578408529684477912e+01
3.692121213973246086e+01
3.805833898262014259e+01
3.919546582550782432e+01
4.033259266839552026e+01
4.146971951128320200e+01
4.260684635417088373e+01
4.374397319705856546e+01
4.488110003994626140e+01
4.601822688283394314e+01
4.715535372572162487e+01
4.829248056860930660e+01
4.942960741149700254e+01
5.056673425438468428e+01
5.170386109727236601e+01
5.284098794016006195e+01
5.397811478304774369e+01
5.511524162593542542e+01
5.625236846882310715e+01
5.738949531171080309e+01
5.852662215459848483e+01
5.966374899748616656e+01
6.080087584037386250e+01
6.193800268326154423e+01
6.307512952614922597e+01
6.421225636903690770e+01
