# ylin
-4.378772467229970289e+01
-4.265038117431789289e+01
-4.151303767633608288e+01
-4.037569417835427288e+01
-3.923835068037246288e+01
-3.810100718239065287e+01
-3.696366368440884287e+01
-3.582632018642702576e+01
-3.468897668844522286e+01
-3.355163319046340575e+01
-3.241428969248160286e+01
-3.127694619449978575e+01
-3.013960269651797574e+01
-2.900225919853616574e+01
-2.786491570055435574e+01
-2.672757220257254573e+01
-2.559022870459073573e+01
-2.445288520660892573e+01
-2.331554170862711572e+01
-2.217819821064530572e+01
-2.104085471266349572e+01
-1.990351121468168216e+01
-1.876616771669987216e+01
-1.762882421871806216e+01
-1.649148072073625215e+01
-1.535413722275444215e+01
-1.421679372477263215e+01
-1.307945022679082214e+01
-1.194210672880900859e+01
-1.080476323082719858e+01
-9.667419732845388580e+00
-8.530076234863578577e+00
-7.392732736881768574e+00
-6.255389238899958571e+00
-5.118045740918148567e+00
-3.980702242936338564e+00
-2.843358744954528561e+00
-1.706015246972718558e+00
-5.686717489909085543e-01
5.686717489909014489e-01
1.706015246972711452e+00
2.843358744954528561e+00
3.980702242936338564e+00
5.118045740918148567e+00
6.255389238899958571e+00
7.392732736881768574e+00
8.530076234863578577e+00
9.667419732845388580e+00
1.080476323082719858e+01
1.194210672880900859e+01
1.307945022679081859e+01
1.421679372477262859e+01
1.535413722275443860e+01
1.649148072073624860e+01
1.762882421871805860e+01
1.876616771669986861e+01
1.990351121468168571e+01
2.104085471266348861e+01
2.217819821064530572e+01
2.331554170862710862e+01
2.445288520660892573e+01
2.559022870459072863e+01
2.672757220257254573e+01
2.786491570055434863e+01
2.900225919853616574e+01
3.013960269651798285e+01
3.127694619449978575e+01
3.241428969248160286e+01
3.355163319046340575e+01
3.468897668844522286e+01
3.582632018642702576e+01
3.696366368440884287e+01
3.810100718239064577e+01
3.923835068037246288e+01
4.037569417835426577e+01
4.151303767633608288e+01
4.265038117431788578e+01
