# xlin
-2.020271404721919950e+01
-1.904401221696170055e+01
-1.788531038670420159e+01
-1.672660855644670264e+01
-1.556790672618920546e+01
-1.440920489593170650e+01
-1.325050306567420932e+01
-1.209180123541671037e+01
-1.093309940515921141e+01
-9.774397574901712460e+00
-8.615695744644213505e+00
-7.456993914386716327e+00
-6.298292084129217372e+00
-5.139590253871718417e+00
-3.980888423614221239e+00
-2.822186593356722284e+00
-1.663484763099223329e+00
-5.047829328417243744e-01
6.539188974157745804e-01
1.812620727673273535e+00
2.971322557930772490e+00
4.130024388188267892e+00
5.288726218445766847e+00
6.447428048703265802e+00
7.606129878960764756e+00
8.764831709218263711e+00
9.923533539475762666e+00
1.108223536973326162e+01
1.224093719999075702e+01
1.339963903024825598e+01
1.455834086050575493e+01
1.571704269076325389e+01
1.687574452102075284e+01
1.803444635127825180e+01
1.919314818153575075e+01
2.035185001179324971e+01
2.151055184205074866e+01
2.266925367230824762e+01
2.382795550256574657e+01
2.498665733282324553e+01
2.614535916308074448e+01
2.730406099333823633e+01
2.846276282359573528e+01
2.962146465385323424e+01
3.078016648411073319e+01
3.193886831436823215e+01
3.309757014462573466e+01
3.425627197488323361e+01
3.541497380514073257e+01
3.657367563539823152e+01
3.773237746565573048e+01
3.889107929591322943e+01
4.004978112617072838e+01
4.120848295642822734e+01
4.236718478668572629e+01
4.352588661694322525e+01
4.468458844720070999e+01
4.584329027745820895e+01
4.700199210771570790e+01
4.816069393797320686e+01
4.931939576823070581e+01
5.047809759848820477e+01
5.163679942874570372e+01
5.279550125900320268e+01
5.395420308926070163e+01
5.511290491951820059e+01
5.627160674977569954e+01
5.743030858003319850e+01
5.858901041029069745e+01
