# xlin
-2.035632168518879936e+01
-1.919316746130216700e+01
-1.803001323741553463e+01
-1.686685901352890227e+01
-1.570370478964227168e+01
-1.454055056575563931e+01
-1.337739634186900872e+01
-1.221424211798237636e+01
-1.105108789409574399e+01
-9.887933670209111625e+00
-8.724779446322479259e+00
-7.561625222435848670e+00
-6.398470998549216304e+00
-5.235316774662583938e+00
-4.072162550775953349e+00
-2.909008326889320983e+00
-1.745854103002688618e+00
-5.826998791160562519e-01
5.804543447705761139e-01
1.743608568657208480e+00
2.906762792543840845e+00
4.069917016430469658e+00
5.233071240317102024e+00
6.396225464203734390e+00
7.559379688090366756e+00
8.722533911976999121e+00
9.885688135863631487e+00
1.104884235975026385e+01
1.221199658363689267e+01
1.337515080752352858e+01
1.453830503141015740e+01
1.570145925529679332e+01
1.686461347918342213e+01
1.802776770307005094e+01
1.919092192695668686e+01
2.035407615084331567e+01
2.151723037472995159e+01
2.268038459861658040e+01
2.384353882250321632e+01
2.500669304638984514e+01
2.616984727027648105e+01
2.733300149416310987e+01
2.849615571804973868e+01
2.965930994193637460e+01
3.082246416582300341e+01
3.198561838970963933e+01
3.314877261359626459e+01
3.431192683748290051e+01
3.547508106136953643e+01
3.663823528525615814e+01
3.780138950914279405e+01
3.896454373302942997e+01
4.012769795691606589e+01
4.129085218080268760e+01
4.245400640468932352e+01
4.361716062857595944e+01
4.478031485246258114e+01
4.594346907634921706e+01
4.710662330023585298e+01
4.826977752412247469e+01
4.943293174800911061e+01
5.059608597189574652e+01
5.175924019578238244e+01
5.292239441966900415e+01
5.408554864355564007e+01
5.524870286744227599e+01
5.641185709132889770e+01
5.757501131521553361e+01
5.873816553910216953e+01
