# xlin
-2.035698379823260140e+01
-1.919381038266353912e+01
-1.803063696709448038e+01
-1.686746355152541810e+01
-1.570429013595635759e+01
-1.454111672038729708e+01
-1.337794330481823479e+01
-1.221476988924917428e+01
-1.105159647368011377e+01
-9.888423058111053265e+00
-8.725249642541992756e+00
-7.562076226972930471e+00
-6.398902811403869961e+00
-5.235729395834809452e+00
-4.072555980265747166e+00
-2.909382564696688434e+00
-1.746209149127626148e+00
-5.830357335585638623e-01
5.801376820104948706e-01
1.743311097579557156e+00
2.906484513148615889e+00
4.069657928717678175e+00
5.232831344286740460e+00
6.396004759855799193e+00
7.559178175424861479e+00
8.722351590993923764e+00
9.885525006562982497e+00
1.104869842213204478e+01
1.221187183770110707e+01
1.337504525327016935e+01
1.453821866883922453e+01
1.570139208440828682e+01
1.686456549997734911e+01
1.802773891554641139e+01
1.919091233111547368e+01
2.035408574668452886e+01
2.151725916225359114e+01
2.268043257782265343e+01
2.384360599339171571e+01
2.500677940896077800e+01
2.616995282452983318e+01
2.733312624009889547e+01
2.849629965566795775e+01
2.965947307123702004e+01
3.082264648680608232e+01
3.198581990237514461e+01
3.314899331794420334e+01
3.431216673351326563e+01
3.547534014908232791e+01
3.663851356465139020e+01
3.780168698022045248e+01
3.896486039578950056e+01
4.012803381135856284e+01
4.129120722692762513e+01
4.245438064249668741e+01
4.361755405806574970e+01
4.478072747363481199e+01
4.594390088920387427e+01
4.710707430477293656e+01
4.827024772034198463e+01
4.943342113591104692e+01
5.059659455148010920e+01
5.175976796704917149e+01
5.292294138261823377e+01
5.408611479818729606e+01
5.524928821375635835e+01
5.641246162932542063e+01
5.757563504489448292e+01
5.873880846046354520e+01
