# xlin
-4.012337658362690007e+01
-3.896038016091307554e+01
-3.779738373819925101e+01
-3.663438731548542648e+01
-3.547139089277160906e+01
-3.430839447005778453e+01
-3.314539804734396000e+01
-3.198240162463013547e+01
-3.081940520191631094e+01
-2.965640877920248997e+01
-2.849341235648866544e+01
-2.733041593377484446e+01
-2.616741951106101993e+01
-2.500442308834719540e+01
-2.384142666563337087e+01
-2.267843024291954990e+01
-2.151543382020572537e+01
-2.035243739749190084e+01
-1.918944097477807986e+01
-1.802644455206425533e+01
-1.686344812935043080e+01
-1.570045170663660983e+01
-1.453745528392278530e+01
-1.337445886120896077e+01
-1.221146243849513979e+01
-1.104846601578131526e+01
-9.885469593067490734e+00
-8.722473170353666205e+00
-7.559476747639841676e+00
-6.396480324926024252e+00
-5.233483902212199723e+00
-4.070487479498375194e+00
-2.907491056784550665e+00
-1.744494634070726136e+00
-5.814982113569016065e-01
5.814982113569229227e-01
1.744494634070740346e+00
2.907491056784564876e+00
4.070487479498389405e+00
5.233483902212213934e+00
6.396480324926038463e+00
7.559476747639862992e+00
8.722473170353680416e+00
9.885469593067504945e+00
1.104846601578132947e+01
1.221146243849515400e+01
1.337445886120897853e+01
1.453745528392280306e+01
1.570045170663662049e+01
1.686344812935044502e+01
1.802644455206426954e+01
1.918944097477809407e+01
2.035243739749191860e+01
2.151543382020574313e+01
2.267843024291956766e+01
2.384142666563338508e+01
2.500442308834721672e+01
2.616741951106103414e+01
2.733041593377485157e+01
2.849341235648868320e+01
2.965640877920250063e+01
3.081940520191633226e+01
3.198240162463014968e+01
3.314539804734398132e+01
3.430839447005779874e+01
3.547139089277161617e+01
3.663438731548544780e+01
3.779738373819926522e+01
3.896038016091309686e+01
