# zlin
-4.377896760102269980e+01
-4.264185155943769701e+01
-4.150473551785268711e+01
-4.036761947626768432e+01
-3.923050343468268153e+01
-3.809338739309767163e+01
-3.695627135151266884e+01
-3.581915530992766605e+01
-3.468203926834265616e+01
-3.354492322675765337e+01
-3.240780718517264347e+01
-3.127069114358764068e+01
-3.013357510200263789e+01
-2.899645906041763155e+01
-2.785934301883262521e+01
-2.672222697724762241e+01
-2.558511093566261607e+01
-2.444799489407760973e+01
-2.331087885249260694e+01
-2.217376281090760060e+01
-2.103664676932259425e+01
-1.989953072773759146e+01
-1.876241468615258512e+01
-1.762529864456757878e+01
-1.648818260298257599e+01
-1.535106656139756964e+01
-1.421395051981256330e+01
-1.307683447822755696e+01
-1.193971843664255417e+01
-1.080260239505754782e+01
-9.665486353472545034e+00
-8.528370311887535138e+00
-7.391254270302532348e+00
-6.254138228717529557e+00
-5.117022187132519662e+00
-3.979906145547516871e+00
-2.842790103962514081e+00
-1.705674062377504185e+00
-5.685580207925013951e-01
5.685580207925013951e-01
1.705674062377511291e+00
2.842790103962514081e+00
3.979906145547516871e+00
5.117022187132526767e+00
6.254138228717529557e+00
7.391254270302532348e+00
8.528370311887542243e+00
9.665486353472545034e+00
1.080260239505754782e+01
1.193971843664255772e+01
1.307683447822756051e+01
1.421395051981257041e+01
1.535106656139757320e+01
1.648818260298257599e+01
1.762529864456758588e+01
1.876241468615258867e+01
1.989953072773759146e+01
2.103664676932260136e+01
2.217376281090760415e+01
2.331087885249260694e+01
2.444799489407760973e+01
2.558511093566261252e+01
2.672222697724762952e+01
2.785934301883263231e+01
2.899645906041763510e+01
3.013357510200263789e+01
3.127069114358764068e+01
3.240780718517265768e+01
3.354492322675766047e+01
3.468203926834266326e+01
3.581915530992766605e+01
3.695627135151266884e+01
3.809338739309767163e+01
3.923050343468268863e+01
4.036761947626769143e+01
4.150473551785269422e+01
4.264185155943769701e+01
