# ylin
-4.379886366253789731e+01
-4.266123084013431566e+01
-4.152359801773073400e+01
-4.038596519532715234e+01
-3.924833237292357069e+01
-3.811069955051998903e+01
-3.697306672811640738e+01
-3.583543390571282572e+01
-3.469780108330924406e+01
-3.356016826090566241e+01
-3.242253543850208075e+01
-3.128490261609849910e+01
-3.014726979369491744e+01
-2.900963697129133578e+01
-2.787200414888775413e+01
-2.673437132648417247e+01
-2.559673850408059081e+01
-2.445910568167700916e+01
-2.332147285927342750e+01
-2.218384003686984585e+01
-2.104620721446626419e+01
-1.990857439206268253e+01
-1.877094156965910088e+01
-1.763330874725551922e+01
-1.649567592485193757e+01
-1.535804310244835591e+01
-1.422041028004477425e+01
-1.308277745764119260e+01
-1.194514463523761094e+01
-1.080751181283402929e+01
-9.669878990430447629e+00
-8.532246168026865973e+00
-7.394613345623284317e+00
-6.256980523219702661e+00
-5.119347700816121005e+00
-3.981714878412539349e+00
-2.844082056008957693e+00
-1.706449233605376037e+00
-5.688164112017943808e-01
5.688164112017872753e-01
1.706449233605368931e+00
2.844082056008950588e+00
3.981714878412532244e+00
5.119347700816113900e+00
6.256980523219695556e+00
7.394613345623277212e+00
8.532246168026858868e+00
9.669878990430440524e+00
1.080751181283402218e+01
1.194514463523760384e+01
1.308277745764118549e+01
1.422041028004476715e+01
1.535804310244834880e+01
1.649567592485193046e+01
1.763330874725551212e+01
1.877094156965909377e+01
1.990857439206267543e+01
2.104620721446626419e+01
2.218384003686983874e+01
2.332147285927341329e+01
2.445910568167700205e+01
2.559673850408059081e+01
2.673437132648416537e+01
2.787200414888773992e+01
2.900963697129132868e+01
3.014726979369491744e+01
3.128490261609849199e+01
3.242253543850206654e+01
3.356016826090565530e+01
3.469780108330924406e+01
3.583543390571281861e+01
3.697306672811639316e+01
3.811069955051998193e+01
3.924833237292357069e+01
4.038596519532714524e+01
4.152359801773071979e+01
4.266123084013430855e+01
