# xlin
-2.021141573239999900e+01
-1.905246167938405577e+01
-1.789350762636811609e+01
-1.673455357335217286e+01
-1.557559952033622963e+01
-1.441664546732028818e+01
-1.325769141430434672e+01
-1.209873736128840349e+01
-1.093978330827246204e+01
-9.780829255256520582e+00
-8.621875202240577352e+00
-7.462921149224635897e+00
-6.303967096208694443e+00
-5.145013043192751212e+00
-3.986058990176807981e+00
-2.827104937160868303e+00
-1.668150884144925072e+00
-5.091968311289818416e-01
6.497572218869578364e-01
1.808711274902901067e+00
2.967665327918844298e+00
4.126619380934783976e+00
5.285573433950727207e+00
6.444527486966670438e+00
7.603481539982610116e+00
8.762435592998553346e+00
9.921389646014496577e+00
1.108034369903043981e+01
1.223929775204638304e+01
1.339825180506232272e+01
1.455720585807826239e+01
1.571615991109420918e+01
1.687511396411014886e+01
1.803406801712608853e+01
1.919302207014203532e+01
2.035197612315797500e+01
2.151093017617391467e+01
2.266988422918986146e+01
2.382883828220580114e+01
2.498779233522174081e+01
2.614674638823768760e+01
2.730570044125362728e+01
2.846465449426956695e+01
2.962360854728551374e+01
3.078256260030145341e+01
3.194151665331739309e+01
3.310047070633333988e+01
3.425942475934927955e+01
3.541837881236521923e+01
3.657733286538116602e+01
3.773628691839710569e+01
3.889524097141305248e+01
4.005419502442899216e+01
4.121314907744493183e+01
4.237210313046087862e+01
4.353105718347681830e+01
4.469001123649276508e+01
4.584896528950869765e+01
4.700791934252464443e+01
4.816687339554059122e+01
4.932582744855652379e+01
5.048478150157247057e+01
5.164373555458841736e+01
5.280268960760434993e+01
5.396164366062029671e+01
5.512059771363624350e+01
5.627955176665217607e+01
5.743850581966812285e+01
5.859745987268406964e+01
