# ylin
-4.378753680979819762e+01
-4.265019819136188062e+01
-4.151285957292556361e+01
-4.037552095448924661e+01
-3.923818233605292960e+01
-3.810084371761661259e+01
-3.696350509918029559e+01
-3.582616648074397858e+01
-3.468882786230766158e+01
-3.355148924387134457e+01
-3.241415062543502756e+01
-3.127681200699871056e+01
-3.013947338856239710e+01
-2.900213477012608010e+01
-2.786479615168976309e+01
-2.672745753325344609e+01
-2.559011891481712908e+01
-2.445278029638081208e+01
-2.331544167794449507e+01
-2.217810305950817806e+01
-2.104076444107186106e+01
-1.990342582263554405e+01
-1.876608720419922705e+01
-1.762874858576291004e+01
-1.649140996732659659e+01
-1.535407134889027958e+01
-1.421673273045396257e+01
-1.307939411201764557e+01
-1.194205549358132856e+01
-1.080471687514501156e+01
-9.667378256708694551e+00
-8.530039638272377545e+00
-7.392701019836060539e+00
-6.255362401399743533e+00
-5.118023782963426527e+00
-3.980685164527109521e+00
-2.843346546090792515e+00
-1.706007927654475509e+00
-5.686693092181585030e-01
5.686693092181585030e-01
1.706007927654475509e+00
2.843346546090792515e+00
3.980685164527109521e+00
5.118023782963426527e+00
6.255362401399743533e+00
7.392701019836060539e+00
8.530039638272377545e+00
9.667378256708694551e+00
1.080471687514500445e+01
1.194205549358132146e+01
1.307939411201763846e+01
1.421673273045395547e+01
1.535407134889027247e+01
1.649140996732658948e+01
1.762874858576290649e+01
1.876608720419922349e+01
1.990342582263554050e+01
2.104076444107185750e+01
2.217810305950817451e+01
2.331544167794449152e+01
2.445278029638080852e+01
2.559011891481712553e+01
2.672745753325344253e+01
2.786479615168975954e+01
2.900213477012607655e+01
3.013947338856239355e+01
3.127681200699871056e+01
3.241415062543502756e+01
3.355148924387134457e+01
3.468882786230766158e+01
3.582616648074397858e+01
3.696350509918029559e+01
3.810084371761661259e+01
3.923818233605292960e+01
4.037552095448924661e+01
4.151285957292556361e+01
4.265019819136188062e+01
