# xlin
-2.020075743497190146e+01
-1.904211231812109872e+01
-1.788346720127029954e+01
-1.672482208441949680e+01
-1.556617696756869584e+01
-1.440753185071789488e+01
-1.324888673386709215e+01
-1.209024161701629119e+01
-1.093159650016549023e+01
-9.772951383314689267e+00
-8.614306266463888306e+00
-7.455661149613085570e+00
-6.297016032762284610e+00
-5.138370915911483650e+00
-3.979725799060680913e+00
-2.821080682209881729e+00
-1.662435565359078993e+00
-5.037904485082762562e-01
6.548546683425229276e-01
1.813499785193325664e+00
2.972144902044124848e+00
4.130790018894927584e+00
5.289435135745730321e+00
6.448080252596529505e+00
7.606725369447332241e+00
8.765370486298134978e+00
9.924015603148934161e+00
1.108266071999973690e+01
1.224130583685053963e+01
1.339995095370133882e+01
1.455859607055213800e+01
1.571724118740294429e+01
1.687588630425374348e+01
1.803453142110454266e+01
1.919317653795534895e+01
2.035182165480614813e+01
2.151046677165694732e+01
2.266911188850775360e+01
2.382775700535855279e+01
2.498640212220935197e+01
2.614504723906015116e+01
2.730369235591095745e+01
2.846233747276175663e+01
2.962098258961255581e+01
3.077962770646336210e+01
3.193827282331416129e+01
3.309691794016495692e+01
3.425556305701576321e+01
3.541420817386656950e+01
3.657285329071736157e+01
3.773149840756816786e+01
3.889014352441897415e+01
4.004878864126976623e+01
4.120743375812057252e+01
4.236607887497137881e+01
4.352472399182217089e+01
4.468336910867297718e+01
4.584201422552376926e+01
4.700065934237457554e+01
4.815930445922538183e+01
4.931794957607617391e+01
5.047659469292698020e+01
5.163523980977778649e+01
5.279388492662857857e+01
5.395253004347938486e+01
5.511117516033019115e+01
5.626982027718098323e+01
5.742846539403178951e+01
5.858711051088259580e+01
