# xlin
-2.035978416865379970e+01
-1.919652958292760303e+01
-1.803327499720140636e+01
-1.687002041147520970e+01
-1.570676582574901126e+01
-1.454351124002281459e+01
-1.338025665429661615e+01
-1.221700206857041948e+01
-1.105374748284422282e+01
-9.890492897118026150e+00
-8.727238311391829484e+00
-7.563983725665631042e+00
-6.400729139939434376e+00
-5.237474554213237710e+00
-4.074219968487039267e+00
-2.910965382760842601e+00
-1.747710797034645935e+00
-5.844562113084492694e-01
5.787983744177473966e-01
1.742052960143944063e+00
2.905307545870140729e+00
4.068562131596340947e+00
5.231816717322537613e+00
6.395071303048734279e+00
7.558325888774930945e+00
8.721580474501127611e+00
9.884835060227324277e+00
1.104808964595352094e+01
1.221134423167972116e+01
1.337459881740591428e+01
1.453785340313211449e+01
1.570110798885830761e+01
1.686436257458450783e+01
1.802761716031070804e+01
1.919087174603690116e+01
2.035412633176310138e+01
2.151738091748929449e+01
2.268063550321549471e+01
2.384389008894168782e+01
2.500714467466788804e+01
2.617039926039408115e+01
2.733365384612028137e+01
2.849690843184648159e+01
2.966016301757267470e+01
3.082341760329887492e+01
3.198667218902506804e+01
3.314992677475126470e+01
3.431318136047745782e+01
3.547643594620366514e+01
3.663969053192985825e+01
3.780294511765605137e+01
3.896619970338225869e+01
4.012945428910845180e+01
4.129270887483464492e+01
4.245596346056083803e+01
4.361921804628704535e+01
4.478247263201323847e+01
4.594572721773943158e+01
4.710898180346562469e+01
4.827223638919183202e+01
4.943549097491802513e+01
5.059874556064421824e+01
5.176200014637041136e+01
5.292525473209661868e+01
5.408850931782281179e+01
5.525176390354900491e+01
5.641501848927521223e+01
5.757827307500140535e+01
5.874152766072759846e+01
