# xlin
-4.012374335093910105e+01
-3.896073629728869037e+01
-3.779772924363828679e+01
-3.663472218998787611e+01
-3.547171513633746542e+01
-3.430870808268705474e+01
-3.314570102903665116e+01
-3.198269397538624048e+01
-3.081968692173582980e+01
-2.965667986808542267e+01
-2.849367281443501554e+01
-2.733066576078460486e+01
-2.616765870713419773e+01
-2.500465165348379060e+01
-2.384164459983337991e+01
-2.267863754618296923e+01
-2.151563049253256210e+01
-2.035262343888215497e+01
-1.918961638523174429e+01
-1.802660933158133716e+01
-1.686360227793092648e+01
-1.570059522428051935e+01
-1.453758817063010866e+01
-1.337458111697970153e+01
-1.221157406332929440e+01
-1.104856700967888372e+01
-9.885559956028476591e+00
-8.722552902378065909e+00
-7.559545848727658779e+00
-6.396538795077248096e+00
-5.233531741426837414e+00
-4.070524687776433836e+00
-2.907517634126023154e+00
-1.744510580475612471e+00
-5.815035268252088940e-01
5.815035268252017886e-01
1.744510580475612471e+00
2.907517634126023154e+00
4.070524687776426731e+00
5.233531741426837414e+00
6.396538795077248096e+00
7.559545848727651673e+00
8.722552902378062356e+00
9.885559956028473039e+00
1.104856700967888372e+01
1.221157406332928730e+01
1.337458111697969798e+01
1.453758817063010866e+01
1.570059522428051224e+01
1.686360227793092292e+01
1.802660933158133361e+01
1.918961638523174429e+01
2.035262343888214787e+01
2.151563049253255855e+01
2.267863754618296923e+01
2.384164459983337991e+01
2.500465165348378349e+01
2.616765870713418707e+01
2.733066576078460486e+01
2.849367281443500843e+01
2.965667986808542622e+01
3.081968692173582980e+01
3.198269397538623338e+01
3.314570102903665116e+01
3.430870808268705474e+01
3.547171513633745832e+01
3.663472218998787611e+01
3.779772924363827968e+01
3.896073629728868326e+01
