# zlin
-2.221595012059999874e+01
-2.107865272108441346e+01
-1.994135532156882817e+01
-1.880405792205324644e+01
-1.766676052253766116e+01
-1.652946312302207588e+01
-1.539216572350649237e+01
-1.425486832399090886e+01
-1.311757092447532358e+01
-1.198027352495973830e+01
-1.084297612544415479e+01
-9.705678725928571282e+00
-8.568381326412985999e+00
-7.431083926897400715e+00
-6.293786527381817208e+00
-5.156489127866233702e+00
-4.019191728350648418e+00
-2.881894328835063135e+00
-1.744596929319477852e+00
-6.072995298038961209e-01
5.299978697116891624e-01
1.667295269227274446e+00
2.804592668742856176e+00
3.941890068258441460e+00
5.079187467774026743e+00
6.216484867289612026e+00
7.353782266805197310e+00
8.491079666320779040e+00
9.628377065836364324e+00
1.076567446535194961e+01
1.190297186486753134e+01
1.304026926438312017e+01
1.417756666389870190e+01
1.531486406341428363e+01
1.645216146292987247e+01
1.758945886244545420e+01
1.872675626196104304e+01
1.986405366147662477e+01
2.100135106099220650e+01
2.213864846050779533e+01
2.327594586002337707e+01
2.441324325953895880e+01
2.555054065905454763e+01
2.668783805857012936e+01
2.782513545808571109e+01
2.896243285760129993e+01
3.009973025711688166e+01
3.123702765663247050e+01
3.237432505614805223e+01
3.351162245566363396e+01
3.464891985517922279e+01
3.578621725469480452e+01
3.692351465421039336e+01
3.806081205372597509e+01
3.919810945324155682e+01
4.033540685275714566e+01
4.147270425227272739e+01
4.261000165178830912e+01
4.374729905130389795e+01
4.488459645081948679e+01
4.602189385033506142e+01
4.715919124985065025e+01
4.829648864936623909e+01
4.943378604888181371e+01
5.057108344839740255e+01
5.170838084791299138e+01
5.284567824742856601e+01
5.398297564694415485e+01
5.512027304645974368e+01
5.625757044597531831e+01
5.739486784549090714e+01
5.853216524500649598e+01
5.966946264452208482e+01
6.080676004403765944e+01
6.194405744355324828e+01
6.308135484306883711e+01
6.421865224258441174e+01
