# xlin
-2.035834879197599889e+01
-1.919513581137089631e+01
-1.803192283076579727e+01
-1.686870985016069469e+01
-1.570549686955559210e+01
-1.454228388895049129e+01
-1.337907090834539048e+01
-1.221585792774028789e+01
-1.105264494713518708e+01
-9.889431966530086271e+00
-8.726218985924983684e+00
-7.563006005319882874e+00
-6.399793024714782064e+00
-5.236580044109679477e+00
-4.073367063504576890e+00
-2.910154082899477856e+00
-1.746941102294375270e+00
-5.837281216892726832e-01
5.794848589158263508e-01
1.742697839520928937e+00
2.905910820126031524e+00
4.069123800731130558e+00
5.232336781336233145e+00
6.395549761941335731e+00
7.558762742546434765e+00
8.721975723151537352e+00
9.885188703756639939e+00
1.104840168436174253e+01
1.221161466496684511e+01
1.337482764557194059e+01
1.453804062617704318e+01
1.570125360678214577e+01
1.686446658738724835e+01
1.802767956799235094e+01
1.919089254859745353e+01
2.035410552920255611e+01
2.151731850980765159e+01
2.268053149041275418e+01
2.384374447101785677e+01
2.500695745162295935e+01
2.617017043222806194e+01
2.733338341283316453e+01
2.849659639343826001e+01
2.965980937404336260e+01
3.082302235464846518e+01
3.198623533525356777e+01
3.314944831585867036e+01
3.431266129646377294e+01
3.547587427706886842e+01
3.663908725767397101e+01
3.780230023827907360e+01
3.896551321888417618e+01
4.012872619948927877e+01
4.129193918009438136e+01
4.245515216069948394e+01
4.361836514130457942e+01
4.478157812190968912e+01
4.594479110251478460e+01
4.710800408311988008e+01
4.827121706372498977e+01
4.943443004433008525e+01
5.059764302493519494e+01
5.176085600554029043e+01
5.292406898614540012e+01
5.408728196675049560e+01
5.525049494735559108e+01
5.641370792796070077e+01
5.757692090856579625e+01
5.874013388917090595e+01
