# ylin
-4.378819480064510117e+01
-4.265083909153743491e+01
-4.151348338242976865e+01
-4.037612767332210950e+01
-3.923877196421444324e+01
-3.810141625510677699e+01
-3.696406054599911073e+01
-3.582670483689144447e+01
-3.468934912778378532e+01
-3.355199341867611906e+01
-3.241463770956845281e+01
-3.127728200046078655e+01
-3.013992629135312029e+01
-2.900257058224545759e+01
-2.786521487313779133e+01
-2.672785916403012862e+01
-2.559050345492246237e+01
-2.445314774581479611e+01
-2.331579203670713341e+01
-2.217843632759946715e+01
-2.104108061849180444e+01
-1.990372490938413819e+01
-1.876636920027647193e+01
-1.762901349116880922e+01
-1.649165778206114297e+01
-1.535430207295347671e+01
-1.421694636384581401e+01
-1.307959065473814775e+01
-1.194223494563048149e+01
-1.080487923652281523e+01
-9.667523527415156082e+00
-8.530167818307489824e+00
-7.392812109199823567e+00
-6.255456400092157310e+00
-5.118100690984491052e+00
-3.980744981876831901e+00
-2.843389272769165643e+00
-1.706033563661499386e+00
-5.686778545538331286e-01
5.686778545538331286e-01
1.706033563661492281e+00
2.843389272769158538e+00
3.980744981876824795e+00
5.118100690984491052e+00
6.255456400092157310e+00
7.392812109199823567e+00
8.530167818307482719e+00
9.667523527415148976e+00
1.080487923652281523e+01
1.194223494563048149e+01
1.307959065473814775e+01
1.421694636384580690e+01
1.535430207295347316e+01
1.649165778206113941e+01
1.762901349116880567e+01
1.876636920027647193e+01
1.990372490938413819e+01
2.104108061849180444e+01
2.217843632759947070e+01
2.331579203670712275e+01
2.445314774581478900e+01
2.559050345492245526e+01
2.672785916403012152e+01
2.786521487313778778e+01
2.900257058224545403e+01
3.013992629135312029e+01
3.127728200046078655e+01
3.241463770956845281e+01
3.355199341867611906e+01
3.468934912778378532e+01
3.582670483689143737e+01
3.696406054599910362e+01
3.810141625510676988e+01
3.923877196421443614e+01
4.037612767332210240e+01
4.151348338242976865e+01
4.265083909153743491e+01
