# xlin
-2.035522612144119847e+01
-1.919210365302551224e+01
-1.802898118460982602e+01
-1.686585871619413624e+01
-1.570273624777845001e+01
-1.453961377936276378e+01
-1.337649131094707577e+01
-1.221336884253138777e+01
-1.105024637411570154e+01
-9.887123905700015314e+00
-8.724001437284327309e+00
-7.560878968868639305e+00
-6.397756500452953077e+00
-5.234634032037266849e+00
-4.071511563621577068e+00
-2.908389095205890840e+00
-1.745266626790204612e+00
-5.821441583745183834e-01
5.809783100411678447e-01
1.744100778456857626e+00
2.907223246872543854e+00
4.070345715288230082e+00
5.233468183703919863e+00
6.396590652119606091e+00
7.559713120535292319e+00
8.722835588950978547e+00
9.885958057366664775e+00
1.104908052578235456e+01
1.221220299419804434e+01
1.337532546261373056e+01
1.453844793102941679e+01
1.570157039944510302e+01
1.686469286786078925e+01
1.802781533627647548e+01
1.919093780469216171e+01
2.035406027310784793e+01
2.151718274152353416e+01
2.268030520993922750e+01
2.384342767835491372e+01
2.500655014677059995e+01
2.616967261518628618e+01
2.733279508360197241e+01
2.849591755201765864e+01
2.965904002043334486e+01
3.082216248884903820e+01
3.198528495726472443e+01
3.314840742568041065e+01
3.431152989409609688e+01
3.547465236251178311e+01
3.663777483092746934e+01
3.780089729934315557e+01
3.896401976775884179e+01
4.012714223617452802e+01
4.129026470459022136e+01
4.245338717300590758e+01
4.361650964142159381e+01
4.477963210983728715e+01
4.594275457825296627e+01
4.710587704666865960e+01
4.826899951508433873e+01
4.943212198350003206e+01
5.059524445191571118e+01
5.175836692033140451e+01
5.292148938874708364e+01
5.408461185716277697e+01
5.524773432557847030e+01
5.641085679399414943e+01
5.757397926240984276e+01
5.873710173082552188e+01
