# zlin
-4.377625695493760105e+01
-4.263921131974441892e+01
-4.150216568455122967e+01
-4.036512004935804754e+01
-3.922807441416486540e+01
-3.809102877897167616e+01
-3.695398314377849402e+01
-3.581693750858531189e+01
-3.467989187339212265e+01
-3.354284623819894051e+01
-3.240580060300575838e+01
-3.126875496781257269e+01
-3.013170933261938700e+01
-2.899466369742620486e+01
-2.785761806223301917e+01
-2.672057242703983704e+01
-2.558352679184665135e+01
-2.444648115665346566e+01
-2.330943552146028352e+01
-2.217238988626709784e+01
-2.103534425107391570e+01
-1.989829861588073001e+01
-1.876125298068754432e+01
-1.762420734549436219e+01
-1.648716171030117650e+01
-1.535011607510799081e+01
-1.421307043991480867e+01
-1.307602480472162298e+01
-1.193897916952843730e+01
-1.080193353433525516e+01
-9.664887899142073024e+00
-8.527842263948883783e+00
-7.390796628755701647e+00
-6.253750993562519511e+00
-5.116705358369330270e+00
-3.979659723176148134e+00
-2.842614087982965998e+00
-1.705568452789776757e+00
-5.685228175965946207e-01
5.685228175965875153e-01
1.705568452789769651e+00
2.842614087982958893e+00
3.979659723176141028e+00
5.116705358369323164e+00
6.253750993562512406e+00
7.390796628755694542e+00
8.527842263948876678e+00
9.664887899142065919e+00
1.080193353433524805e+01
1.193897916952843019e+01
1.307602480472161943e+01
1.421307043991480157e+01
1.535011607510798370e+01
1.648716171030117295e+01
1.762420734549435508e+01
1.876125298068753722e+01
1.989829861588072646e+01
2.103534425107390149e+01
2.217238988626709073e+01
2.330943552146027997e+01
2.444648115665345500e+01
2.558352679184664424e+01
2.672057242703983349e+01
2.785761806223300852e+01
2.899466369742619776e+01
3.013170933261938700e+01
3.126875496781256203e+01
3.240580060300575127e+01
3.354284623819894051e+01
3.467989187339211554e+01
3.581693750858530478e+01
3.695398314377849402e+01
3.809102877897166906e+01
3.922807441416485830e+01
4.036512004935804754e+01
4.150216568455122257e+01
4.263921131974441181e+01
