# ylin
-4.379043602847090000e+01
-4.265302210565347707e+01
-4.151560818283604704e+01
-4.037819426001862411e+01
-3.924078033720119407e+01
-3.810336641438377114e+01
-3.696595249156634111e+01
-3.582853856874891818e+01
-3.469112464593149525e+01
-3.355371072311406522e+01
-3.241629680029663518e+01
-3.127888287747921225e+01
-3.014146895466178933e+01
-2.900405503184435929e+01
-2.786664110902693636e+01
-2.672922718620950988e+01
-2.559181326339208340e+01
-2.445439934057465692e+01
-2.331698541775723044e+01
-2.217957149493980396e+01
-2.104215757212237747e+01
-1.990474364930495454e+01
-1.876732972648752806e+01
-1.762991580367010158e+01
-1.649250188085267510e+01
-1.535508795803524862e+01
-1.421767403521782214e+01
-1.308026011240039566e+01
-1.194284618958297273e+01
-1.080543226676554269e+01
-9.668018343948119764e+00
-8.530604421130689730e+00
-7.393190498313266801e+00
-6.255776575495843872e+00
-5.118362652678413838e+00
-3.980948729860990909e+00
-2.843534807043560875e+00
-1.706120884226137946e+00
-5.687069614087079117e-01
5.687069614087150171e-01
1.706120884226145051e+00
2.843534807043567980e+00
3.980948729860990909e+00
5.118362652678420943e+00
6.255776575495843872e+00
7.393190498313273906e+00
8.530604421130696835e+00
9.668018343948126869e+00
1.080543226676554980e+01
1.194284618958297273e+01
1.308026011240040276e+01
1.421767403521782569e+01
1.535508795803525572e+01
1.649250188085267865e+01
1.762991580367010869e+01
1.876732972648753162e+01
1.990474364930495454e+01
2.104215757212238458e+01
2.217957149493981461e+01
2.331698541775723044e+01
2.445439934057466047e+01
2.559181326339209051e+01
2.672922718620952054e+01
2.786664110902693636e+01
2.900405503184436640e+01
3.014146895466179643e+01
3.127888287747921225e+01
3.241629680029664229e+01
3.355371072311407232e+01
3.469112464593150236e+01
3.582853856874891818e+01
3.696595249156634821e+01
3.810336641438377825e+01
3.924078033720119407e+01
4.037819426001862411e+01
4.151560818283605414e+01
4.265302210565348418e+01
