# xlin
-2.020271404721919950e+01
-1.904401221696170055e+01
-1.788531038670420159e+01
-1.672660855644670264e+01
-1.556790672618920368e+01
-1.440920489593170473e+01
-1.325050306567420755e+01
-1.209180123541670859e+01
-1.093309940515920964e+01
-9.774397574901710684e+00
-8.615695744644211729e+00
-7.456993914386712774e+00
-6.298292084129215596e+00
-5.139590253871716641e+00
-3.980888423614217686e+00
-2.822186593356718731e+00
-1.663484763099219776e+00
-5.047829328417208217e-01
6.539188974157781331e-01
1.812620727673277088e+00
2.971322557930776043e+00
4.130024388188274997e+00
5.288726218445773952e+00
6.447428048703272907e+00
7.606129878960768309e+00
8.764831709218267264e+00
9.923533539475766219e+00
1.108223536973326517e+01
1.224093719999076413e+01
1.339963903024826308e+01
1.455834086050576204e+01
1.571704269076326099e+01
1.687574452102075995e+01
1.803444635127825890e+01
1.919314818153575786e+01
2.035185001179325681e+01
2.151055184205075577e+01
2.266925367230825472e+01
2.382795550256575368e+01
2.498665733282325263e+01
2.614535916308075159e+01
2.730406099333825054e+01
2.846276282359574950e+01
2.962146465385324845e+01
3.078016648411074740e+01
3.193886831436824636e+01
3.309757014462574887e+01
3.425627197488324782e+01
3.541497380514073257e+01
3.657367563539823152e+01
3.773237746565573048e+01
3.889107929591322943e+01
4.004978112617072838e+01
4.120848295642822734e+01
4.236718478668572629e+01
4.352588661694322525e+01
4.468458844720072420e+01
4.584329027745822316e+01
4.700199210771572211e+01
4.816069393797322107e+01
4.931939576823072002e+01
5.047809759848821898e+01
5.163679942874571793e+01
5.279550125900321689e+01
5.395420308926071584e+01
5.511290491951821480e+01
5.627160674977571375e+01
5.743030858003321271e+01
5.858901041029071166e+01
