# xlin
-2.035005797601240118e+01
-1.918708530891349184e+01
-1.802411264181458250e+01
-1.686113997471566961e+01
-1.569816730761676027e+01
-1.453519464051785093e+01
-1.337222197341894159e+01
-1.220924930632003047e+01
-1.104627663922112113e+01
-9.883303972122211789e+00
-8.720331305023300672e+00
-7.557358637924391331e+00
-6.394385970825481991e+00
-5.231413303726570874e+00
-4.068440636627659757e+00
-2.905467969528750416e+00
-1.742495302429841075e+00
-5.795226353309317346e-01
5.834500317679776060e-01
1.746422698866890499e+00
2.909395365965799840e+00
4.072368033064709181e+00
5.235340700163618521e+00
6.398313367262527862e+00
7.561286034361437203e+00
8.724258701460350096e+00
9.887231368559259437e+00
1.105020403565816878e+01
1.221317670275708167e+01
1.337614936985598746e+01
1.453912203695490035e+01
1.570209470405380614e+01
1.686506737115271903e+01
1.802804003825163193e+01
1.919101270535053771e+01
2.035398537244945061e+01
2.151695803954835640e+01
2.267993070664726929e+01
2.384290337374618218e+01
2.500587604084508797e+01
2.616884870794400086e+01
2.733182137504290665e+01
2.849479404214181955e+01
2.965776670924073244e+01
3.082073937633963823e+01
3.198371204343855112e+01
3.314668471053745691e+01
3.430965737763636980e+01
3.547263004473527559e+01
3.663560271183418848e+01
3.779857537893310138e+01
3.896154804603200716e+01
4.012452071313092006e+01
4.128749338022982585e+01
4.245046604732873874e+01
4.361343871442765163e+01
4.477641138152656453e+01
4.593938404862546321e+01
4.710235671572437610e+01
4.826532938282328900e+01
4.942830204992220189e+01
5.059127471702111478e+01
5.175424738412001346e+01
5.291722005121892636e+01
5.408019271831783925e+01
5.524316538541675214e+01
5.640613805251566504e+01
5.756911071961456372e+01
5.873208338671347661e+01
