# xlin
-4.011987687587880202e+01
-3.895698189396927091e+01
-3.779408691205973980e+01
-3.663119193015020869e+01
-3.546829694824067758e+01
-3.430540196633114647e+01
-3.314250698442161536e+01
-3.197961200251209135e+01
-3.081671702060256024e+01
-2.965382203869302913e+01
-2.849092705678349802e+01
-2.732803207487396691e+01
-2.616513709296443579e+01
-2.500224211105490468e+01
-2.383934712914537712e+01
-2.267645214723584601e+01
-2.151355716532631490e+01
-2.035066218341678379e+01
-1.918776720150725268e+01
-1.802487221959772512e+01
-1.686197723768819401e+01
-1.569908225577866290e+01
-1.453618727386913179e+01
-1.337329229195960067e+01
-1.221039731005006956e+01
-1.104750232814054201e+01
-9.884607346231010894e+00
-8.721712364321479782e+00
-7.558817382411952224e+00
-6.395922400502421112e+00
-5.233027418592890001e+00
-4.070132436683358890e+00
-2.907237454773827778e+00
-1.744342472864296667e+00
-5.814474909547655557e-01
5.814474909547655557e-01
1.744342472864296667e+00
2.907237454773827778e+00
4.070132436683351784e+00
5.233027418592882896e+00
6.395922400502414007e+00
7.558817382411945118e+00
8.721712364321476230e+00
9.884607346231007341e+00
1.104750232814053845e+01
1.221039731005006956e+01
1.337329229195960067e+01
1.453618727386913179e+01
1.569908225577866290e+01
1.686197723768818690e+01
1.802487221959771801e+01
1.918776720150724913e+01
2.035066218341678024e+01
2.151355716532631135e+01
2.267645214723584246e+01
2.383934712914537357e+01
2.500224211105489758e+01
2.616513709296442869e+01
2.732803207487395980e+01
2.849092705678349091e+01
2.965382203869302202e+01
3.081671702060255313e+01
3.197961200251208425e+01
3.314250698442161536e+01
3.430540196633114647e+01
3.546829694824067758e+01
3.663119193015020869e+01
3.779408691205973980e+01
3.895698189396927091e+01
