# xlin
-2.019945676622320008e+01
-1.904084934990803646e+01
-1.788224193359286929e+01
-1.672363451727770567e+01
-1.556502710096253850e+01
-1.440641968464737488e+01
-1.324781226833220948e+01
-1.208920485201704409e+01
-1.093059743570187869e+01
-9.771990019386713300e+00
-8.613382603071547905e+00
-7.454775186756382510e+00
-6.296167770441218892e+00
-5.137560354126053497e+00
-3.978952937810888102e+00
-2.820345521495720931e+00
-1.661738105180557312e+00
-5.031306888653936937e-01
6.554767274497734775e-01
1.814084143764937096e+00
2.972691560080104267e+00
4.131298976395267886e+00
5.289906392710435057e+00
6.448513809025598675e+00
7.607121225340762294e+00
8.765728641655929465e+00
9.924336057971093084e+00
1.108294347428626025e+01
1.224155089060142387e+01
1.340015830691658749e+01
1.455876572323175822e+01
1.571737313954692183e+01
1.687598055586208545e+01
1.803458797217724907e+01
1.919319538849241269e+01
2.035180280480758341e+01
2.151041022112274703e+01
2.266901763743791065e+01
2.382762505375307427e+01
2.498623247006824499e+01
2.614483988638340861e+01
2.730344730269857223e+01
2.846205471901373585e+01
2.962066213532889947e+01
3.077926955164407019e+01
3.193787696795923381e+01
3.309648438427439743e+01
3.425509180058956105e+01
3.541369921690472466e+01
3.657230663321989539e+01
3.773091404953505901e+01
3.888952146585022263e+01
4.004812888216538624e+01
4.120673629848055697e+01
4.236534371479572059e+01
4.352395113111088421e+01
4.468255854742604782e+01
4.584116596374121144e+01
4.699977338005637506e+01
4.815838079637153868e+01
4.931698821268671651e+01
5.047559562900188013e+01
5.163420304531704375e+01
5.279281046163220736e+01
5.395141787794737098e+01
5.511002529426253460e+01
5.626863271057769822e+01
5.742724012689286184e+01
5.858584754320802546e+01
