# xlin
-2.020695308228900089e+01
-1.904812838145019072e+01
-1.788930368061137699e+01
-1.673047897977256682e+01
-1.557165427893375487e+01
-1.441282957809494292e+01
-1.325400487725613274e+01
-1.209518017641732079e+01
-1.093635547557850884e+01
-9.777530774739696895e+00
-8.618706073900884945e+00
-7.459881373062074772e+00
-6.301056672223262822e+00
-5.142231971384450873e+00
-3.983407270545640699e+00
-2.824582569706826973e+00
-1.665757868868016800e+00
-5.069331680292066267e-01
6.518915328096070994e-01
1.810716233648417273e+00
2.969540934487230999e+00
4.128365635326041172e+00
5.287190336164851345e+00
6.446015037003665071e+00
7.604839737842475245e+00
8.763664438681285418e+00
9.922489139520099144e+00
1.108131384035890932e+01
1.224013854119771949e+01
1.339896324203653322e+01
1.455778794287534694e+01
1.571661264371415356e+01
1.687543734455296729e+01
1.803426204539178102e+01
1.919308674623058764e+01
2.035191144706940136e+01
2.151073614790821509e+01
2.266956084874702171e+01
2.382838554958583543e+01
2.498721025042464916e+01
2.614603495126346289e+01
2.730485965210226951e+01
2.846368435294108323e+01
2.962250905377989696e+01
3.078133375461870358e+01
3.194015845545751731e+01
3.309898315629632748e+01
3.425780785713513410e+01
3.541663255797395493e+01
3.657545725881276155e+01
3.773428195965156817e+01
3.889310666049038900e+01
4.005193136132919562e+01
4.121075606216800225e+01
4.236958076300682308e+01
4.352840546384562970e+01
4.468723016468443632e+01
4.584605486552325715e+01
4.700487956636206377e+01
4.816370426720087039e+01
4.932252896803969122e+01
5.048135366887849784e+01
5.164017836971730446e+01
5.279900307055612529e+01
5.395782777139493191e+01
5.511665247223373854e+01
5.627547717307255937e+01
5.743430187391136599e+01
5.859312657475017261e+01
