# xlin
-2.035367901913970101e+01
-1.919060139426898459e+01
-1.802752376939826817e+01
-1.686444614452755175e+01
-1.570136851965683711e+01
-1.453829089478612069e+01
-1.337521326991540604e+01
-1.221213564504468962e+01
-1.104905802017397320e+01
-9.885980395303256785e+00
-8.722902770432540365e+00
-7.559825145561825721e+00
-6.396747520691109301e+00
-5.233669895820392881e+00
-4.070592270949678237e+00
-2.907514646078961817e+00
-1.744437021208245397e+00
-5.813593963375289775e-01
5.817182285331874425e-01
1.744795853403903862e+00
2.907873478274620282e+00
4.070951103145333150e+00
5.234028728016049570e+00
6.397106352886765990e+00
7.560183977757482410e+00
8.723261602628198830e+00
9.886339227498915250e+00
1.104941685236963167e+01
1.221249447724034454e+01
1.337557210211106096e+01
1.453864972698177738e+01
1.570172735185249380e+01
1.686480497672321022e+01
1.802788260159392664e+01
1.919096022646464306e+01
2.035403785133535948e+01
2.151711547620607590e+01
2.268019310107679232e+01
2.384327072594750874e+01
2.500634835081822516e+01
2.616942597568894158e+01
2.733250360055965089e+01
2.849558122543036731e+01
2.965865885030108373e+01
3.082173647517180015e+01
3.198481410004251657e+01
3.314789172491323654e+01
3.431096934978394586e+01
3.547404697465466938e+01
3.663712459952537870e+01
3.780020222439610222e+01
3.896327984926681154e+01
4.012635747413753506e+01
4.128943509900824438e+01
4.245251272387896790e+01
4.361559034874967722e+01
4.477866797362038653e+01
4.594174559849111006e+01
4.710482322336181937e+01
4.826790084823254290e+01
4.943097847310325221e+01
5.059405609797397574e+01
5.175713372284468505e+01
5.292021134771540858e+01
5.408328897258611789e+01
5.524636659745682721e+01
5.640944422232755073e+01
5.757252184719826005e+01
5.873559947206898357e+01
