# ylin
-2.204130527119700034e+01
-2.090854410302657485e+01
-1.977578293485614935e+01
-1.864302176668572386e+01
-1.751026059851529482e+01
-1.637749943034486932e+01
-1.524473826217444383e+01
-1.411197709400401834e+01
-1.297921592583359285e+01
-1.184645475766316736e+01
-1.071369358949274186e+01
-9.580932421322314596e+00
-8.448171253151889104e+00
-7.315410084981463612e+00
-6.182648916811036344e+00
-5.049887748640610852e+00
-3.917126580470185360e+00
-2.784365412299759868e+00
-1.651604244129334376e+00
-5.188430759589088836e-01
6.139180922115166084e-01
1.746679260381945653e+00
2.879440428552371145e+00
4.012201596722796637e+00
5.144962764893222129e+00
6.277723933063647621e+00
7.410485101234073113e+00
8.543246269404498605e+00
9.676007437574927650e+00
1.080876860574535314e+01
1.194152977391577863e+01
1.307429094208620413e+01
1.420705211025662962e+01
1.533981327842705511e+01
1.647257444659748060e+01
1.760533561476790609e+01
1.873809678293833159e+01
1.987085795110875708e+01
2.100361911927918257e+01
2.213638028744960806e+01
2.326914145562003355e+01
2.440190262379046615e+01
2.553466379196089164e+01
2.666742496013131714e+01
2.780018612830174263e+01
2.893294729647216812e+01
3.006570846464259361e+01
3.119846963281301910e+01
3.233123080098344815e+01
3.346399196915386653e+01
3.459675313732429913e+01
3.572951430549471752e+01
3.686227547366515012e+01
3.799503664183556850e+01
3.912779781000600110e+01
4.026055897817641949e+01
4.139332014634685208e+01
4.252608131451727047e+01
4.365884248268770307e+01
4.479160365085812145e+01
4.592436481902855405e+01
4.705712598719897244e+01
4.818988715536940504e+01
4.932264832353982342e+01
5.045540949171025602e+01
5.158817065988068862e+01
5.272093182805110700e+01
5.385369299622153960e+01
5.498645416439195799e+01
5.611921533256239059e+01
5.725197650073280897e+01
5.838473766890324157e+01
5.951749883707365996e+01
6.065026000524409255e+01
6.178302117341451094e+01
6.291578234158494354e+01
6.404854350975536192e+01
