# zlin
-2.220006394646420134e+01
-2.106317917484826197e+01
-1.992629440323232259e+01
-1.878940963161638322e+01
-1.765252486000044740e+01
-1.651564008838450803e+01
-1.537875531676856866e+01
-1.424187054515262929e+01
-1.310498577353668992e+01
-1.196810100192075055e+01
-1.083121623030481118e+01
-9.694331458688873582e+00
-8.557446687072934211e+00
-7.420561915456994839e+00
-6.283677143841057244e+00
-5.146792372225117873e+00
-4.009907600609178502e+00
-2.873022828993239131e+00
-1.736138057377299759e+00
-5.992532857613603881e-01
5.376314858545789832e-01
1.674516257470514802e+00
2.811401029086454173e+00
3.948285800702393544e+00
5.085170572318332916e+00
6.222055343934272287e+00
7.358940115550211658e+00
8.495824887166151029e+00
9.632709658782086848e+00
1.076959443039802622e+01
1.190647920201396559e+01
1.304336397362990496e+01
1.418024874524584433e+01
1.531713351686178370e+01
1.645401828847772308e+01
1.759090306009366245e+01
1.872778783170960182e+01
1.986467260332554119e+01
2.100155737494148056e+01
2.213844214655741993e+01
2.327532691817335930e+01
2.441221168978929157e+01
2.554909646140523094e+01
2.668598123302117031e+01
2.782286600463710968e+01
2.895975077625304905e+01
3.009663554786898843e+01
3.123352031948492780e+01
3.237040509110086361e+01
3.350728986271680299e+01
3.464417463433274236e+01
3.578105940594868173e+01
3.691794417756462110e+01
3.805482894918056047e+01
3.919171372079649984e+01
4.032859849241243921e+01
4.146548326402837858e+01
4.260236803564431796e+01
4.373925280726025733e+01
4.487613757887619670e+01
4.601302235049213607e+01
4.714990712210807544e+01
4.828679189372401481e+01
4.942367666533995418e+01
5.056056143695589356e+01
5.169744620857183293e+01
5.283433098018777230e+01
5.397121575180371167e+01
5.510810052341965104e+01
5.624498529503559041e+01
5.738187006665152978e+01
5.851875483826746915e+01
5.965563960988340853e+01
6.079252438149934790e+01
6.192940915311528727e+01
6.306629392473122664e+01
6.420317869634716601e+01
