# xlin
-2.020925820640000126e+01
-1.905036669036811858e+01
-1.789147517433623236e+01
-1.673258365830434968e+01
-1.557369214227246523e+01
-1.441480062624058078e+01
-1.325590911020869811e+01
-1.209701759417681366e+01
-1.093812607814492921e+01
-9.779234562113044760e+00
-8.620343046081160310e+00
-7.461451530049277636e+00
-6.302560014017393186e+00
-5.143668497985508736e+00
-3.984776981953626063e+00
-2.825885465921739836e+00
-1.666993949889857163e+00
-5.081024338579744892e-01
6.507890821739117371e-01
1.809680598205794411e+00
2.968572114237680637e+00
4.127463630269563311e+00
5.286355146301445984e+00
6.445246662333332210e+00
7.604138178365214884e+00
8.763029694397097558e+00
9.921921210428983784e+00
1.108081272646086646e+01
1.223970424249274913e+01
1.339859575852463536e+01
1.455748727455652158e+01
1.571637879058840070e+01
1.687527030662028693e+01
1.803416182265217316e+01
1.919305333868405228e+01
2.035194485471593850e+01
2.151083637074782473e+01
2.266972788677970385e+01
2.382861940281159008e+01
2.498751091884347630e+01
2.614640243487536253e+01
2.730529395090724165e+01
2.846418546693912788e+01
2.962307698297101410e+01
3.078196849900289322e+01
3.194086001503477945e+01
3.309975153106666568e+01
3.425864304709854480e+01
3.541753456313043102e+01
3.657642607916231725e+01
3.773531759519419637e+01
3.889420911122608260e+01
4.005310062725796882e+01
4.121199214328984795e+01
4.237088365932173417e+01
4.352977517535362040e+01
4.468866669138549952e+01
4.584755820741738574e+01
4.700644972344927197e+01
4.816534123948115820e+01
4.932423275551304442e+01
5.048312427154491644e+01
5.164201578757680267e+01
5.280090730360868889e+01
5.395979881964057512e+01
5.511869033567246134e+01
5.627758185170434757e+01
5.743647336773623380e+01
5.859536488376810581e+01
