# xlin
-2.020352227549949831e+01
-1.904479701834458183e+01
-1.788607176118966180e+01
-1.672734650403474532e+01
-1.556862124687982885e+01
-1.440989598972491237e+01
-1.325117073256999412e+01
-1.209244547541507586e+01
-1.093372021826015938e+01
-9.774994961105242908e+00
-8.616269703950324654e+00
-7.457544446795406401e+00
-6.298819189640489924e+00
-5.140093932485573447e+00
-3.981368675330653417e+00
-2.822643418175736940e+00
-1.663918161020820463e+00
-5.051929038659039861e-01
6.535323532890124909e-01
1.812257610443932521e+00
2.970982867598848998e+00
4.129708124753765475e+00
5.288433381908685504e+00
6.447158639063601981e+00
7.605883896218518458e+00
8.764609153373434935e+00
9.923334410528351412e+00
1.108205966768327144e+01
1.224078492483819147e+01
1.339951018199310440e+01
1.455823543914802443e+01
1.571696069630293735e+01
1.687568595345785738e+01
1.803441121061277741e+01
1.919313646776769033e+01
2.035186172492261036e+01
2.151058698207752329e+01
2.266931223923244332e+01
2.382803749638736335e+01
2.498676275354227627e+01
2.614548801069719630e+01
2.730421326785211633e+01
2.846293852500702926e+01
2.962166378216194929e+01
3.078038903931686932e+01
3.193911429647178224e+01
3.309783955362669872e+01
3.425656481078161164e+01
3.541529006793653878e+01
3.657401532509145170e+01
3.773274058224636462e+01
3.889146583940129176e+01
4.005019109655620468e+01
4.120891635371111761e+01
4.236764161086604474e+01
4.352636686802095767e+01
4.468509212517588480e+01
4.584381738233079773e+01
4.700254263948571065e+01
4.816126789664062358e+01
4.931999315379555071e+01
5.047871841095046364e+01
5.163744366810537656e+01
5.279616892526030369e+01
5.395489418241521662e+01
5.511361943957012954e+01
5.627234469672505668e+01
5.743106995387996960e+01
5.858979521103488253e+01
