# zlin
-4.378028797511169756e+01
-4.264313763809580848e+01
-4.150598730107991940e+01
-4.036883696406403033e+01
-3.923168662704814835e+01
-3.809453629003225927e+01
-3.695738595301637019e+01
-3.582023561600048112e+01
-3.468308527898459204e+01
-3.354593494196870296e+01
-3.240878460495281388e+01
-3.127163426793692835e+01
-3.013448393092103927e+01
-2.899733359390515020e+01
-2.786018325688926467e+01
-2.672303291987337559e+01
-2.558588258285748651e+01
-2.444873224584159743e+01
-2.331158190882570835e+01
-2.217443157180982283e+01
-2.103728123479393375e+01
-1.990013089777804467e+01
-1.876298056076215914e+01
-1.762583022374627006e+01
-1.648867988673038099e+01
-1.535152954971449191e+01
-1.421437921269860283e+01
-1.307722887568271730e+01
-1.194007853866682822e+01
-1.080292820165094270e+01
-9.665777864635053618e+00
-8.528627527619164539e+00
-7.391477190603275460e+00
-6.254326853587386381e+00
-5.117176516571497302e+00
-3.980026179555608223e+00
-2.842875842539719144e+00
-1.705725505523837171e+00
-5.685751685079480922e-01
5.685751685079409867e-01
1.705725505523830066e+00
2.842875842539719144e+00
3.980026179555608223e+00
5.117176516571497302e+00
6.254326853587379276e+00
7.391477190603268355e+00
8.528627527619157433e+00
9.665777864635046512e+00
1.080292820165093559e+01
1.194007853866682467e+01
1.307722887568271375e+01
1.421437921269860283e+01
1.535152954971449191e+01
1.648867988673037388e+01
1.762583022374626296e+01
1.876298056076215204e+01
1.990013089777804112e+01
2.103728123479393020e+01
2.217443157180981217e+01
2.331158190882570835e+01
2.444873224584159033e+01
2.558588258285748651e+01
2.672303291987336848e+01
2.786018325688926467e+01
2.899733359390514664e+01
3.013448393092102862e+01
3.127163426793692480e+01
3.240878460495280677e+01
3.354593494196870296e+01
3.468308527898458493e+01
3.582023561600048112e+01
3.695738595301636309e+01
3.809453629003225927e+01
3.923168662704814125e+01
4.036883696406402322e+01
4.150598730107991940e+01
4.264313763809580138e+01
