# zlin
-2.221494682403629994e+01
-2.107767548417174197e+01
-1.994040414430718045e+01
-1.880313280444261892e+01
-1.766586146457806095e+01
-1.652859012471350297e+01
-1.539131878484894145e+01
-1.425404744498438170e+01
-1.311677610511982195e+01
-1.197950476525526220e+01
-1.084223342539070245e+01
-9.704962085526142701e+00
-8.567690745661582952e+00
-7.430419405797023202e+00
-6.293148065932463453e+00
-5.155876726067905480e+00
-4.018605386203343954e+00
-2.881334046338782429e+00
-1.744062706474224456e+00
-6.067913666096664826e-01
5.304799732548950431e-01
1.667751313119456569e+00
2.805022652984014542e+00
3.942293992848572515e+00
5.079565332713134040e+00
6.216836672577695566e+00
7.354108012442253539e+00
8.491379352306811512e+00
9.628650692171373038e+00
1.076592203203593456e+01
1.190319337190048898e+01
1.304046471176505051e+01
1.417773605162961204e+01
1.531500739149417356e+01
1.645227873135873509e+01
1.758955007122328951e+01
1.872682141108785103e+01
1.986409275095241256e+01
2.100136409081696698e+01
2.213863543068152850e+01
2.327590677054609003e+01
2.441317811041065156e+01
2.555044945027521308e+01
2.668772079013976750e+01
2.782499213000432903e+01
2.896226346986889055e+01
3.009953480973344497e+01
3.123680614959800650e+01
3.237407748946256447e+01
3.351134882932713310e+01
3.464862016919168752e+01
3.578589150905624194e+01
3.692316284892081057e+01
3.806043418878536500e+01
3.919770552864991942e+01
4.033497686851448805e+01
4.147224820837904247e+01
4.260951954824359689e+01
4.374679088810816552e+01
4.488406222797271994e+01
4.602133356783727436e+01
4.715860490770184299e+01
4.829587624756639741e+01
4.943314758743096604e+01
5.057041892729552046e+01
5.170769026716007488e+01
5.284496160702464351e+01
5.398223294688919793e+01
5.511950428675376656e+01
5.625677562661832098e+01
5.739404696648287540e+01
5.853131830634744404e+01
5.966858964621199846e+01
6.080586098607655288e+01
6.194313232594112151e+01
6.308040366580567593e+01
6.421767500567023035e+01
