# xlin
-2.021141573239999900e+01
-1.905246167938405577e+01
-1.789350762636811609e+01
-1.673455357335217286e+01
-1.557559952033623141e+01
-1.441664546732028995e+01
-1.325769141430434672e+01
-1.209873736128840527e+01
-1.093978330827246381e+01
-9.780829255256522359e+00
-8.621875202240580904e+00
-7.462921149224637674e+00
-6.303967096208696219e+00
-5.145013043192754765e+00
-3.986058990176811534e+00
-2.827104937160871856e+00
-1.668150884144928625e+00
-5.091968311289853943e-01
6.497572218869542837e-01
1.808711274902897514e+00
2.967665327918837193e+00
4.126619380934780423e+00
5.285573433950723654e+00
6.444527486966663332e+00
7.603481539982606563e+00
8.762435592998549794e+00
9.921389646014489472e+00
1.108034369903043270e+01
1.223929775204637593e+01
1.339825180506231561e+01
1.455720585807825529e+01
1.571615991109420207e+01
1.687511396411014175e+01
1.803406801712608143e+01
1.919302207014202821e+01
2.035197612315796789e+01
2.151093017617390757e+01
2.266988422918985435e+01
2.382883828220579403e+01
2.498779233522173371e+01
2.614674638823767339e+01
2.730570044125362017e+01
2.846465449426955985e+01
2.962360854728549953e+01
3.078256260030144631e+01
3.194151665331738599e+01
3.310047070633332567e+01
3.425942475934927245e+01
3.541837881236521213e+01
3.657733286538115181e+01
3.773628691839709859e+01
3.889524097141303827e+01
4.005419502442897794e+01
4.121314907744492473e+01
4.237210313046086441e+01
4.353105718347680408e+01
4.469001123649275087e+01
4.584896528950868344e+01
4.700791934252463022e+01
4.816687339554057701e+01
4.932582744855650958e+01
5.048478150157245636e+01
5.164373555458840315e+01
5.280268960760433572e+01
5.396164366062028250e+01
5.512059771363622929e+01
5.627955176665216186e+01
5.743850581966810864e+01
5.859745987268405543e+01
