# xlin
-4.012195787261180158e+01
-3.895900257195638972e+01
-3.779604727130097075e+01
-3.663309197064555889e+01
-3.547013666999013992e+01
-3.430718136933472806e+01
-3.314422606867931620e+01
-3.198127076802390079e+01
-3.081831546736848537e+01
-2.965536016671306996e+01
-2.849240486605765454e+01
-2.732944956540224268e+01
-2.616649426474682727e+01
-2.500353896409141186e+01
-2.384058366343599999e+01
-2.267762836278058458e+01
-2.151467306212516917e+01
-2.035171776146975375e+01
-1.918876246081433834e+01
-1.802580716015892648e+01
-1.686285185950351106e+01
-1.569989655884809565e+01
-1.453694125819268379e+01
-1.337398595753726838e+01
-1.221103065688185296e+01
-1.104807535622643755e+01
-9.885120055571022135e+00
-8.722164754915610274e+00
-7.559209454260198413e+00
-6.396254153604779447e+00
-5.233298852949367586e+00
-4.070343552293948619e+00
-2.907388251638536758e+00
-1.744432950983124897e+00
-5.814776503277059305e-01
5.814776503277059305e-01
1.744432950983124897e+00
2.907388251638536758e+00
4.070343552293948619e+00
5.233298852949367586e+00
6.396254153604779447e+00
7.559209454260191308e+00
8.722164754915610274e+00
9.885120055571022135e+00
1.104807535622643400e+01
1.221103065688185296e+01
1.337398595753726482e+01
1.453694125819268379e+01
1.569989655884809565e+01
1.686285185950350751e+01
1.802580716015892648e+01
1.918876246081433834e+01
2.035171776146975731e+01
2.151467306212516917e+01
2.267762836278058103e+01
2.384058366343599999e+01
2.500353896409140475e+01
2.616649426474683082e+01
2.732944956540224268e+01
2.849240486605765454e+01
2.965536016671306641e+01
3.081831546736847827e+01
3.198127076802390434e+01
3.314422606867931620e+01
3.430718136933472806e+01
3.547013666999013992e+01
3.663309197064555178e+01
3.779604727130097785e+01
3.895900257195638972e+01
