# zlin
-2.204646418840000166e+01
-2.091356902238052129e+01
-1.978067385636104092e+01
-1.864777869034156055e+01
-1.751488352432208018e+01
-1.638198835830259981e+01
-1.524909319228311766e+01
-1.411619802626363729e+01
-1.298330286024415692e+01
-1.185040769422467655e+01
-1.071751252820519618e+01
-9.584617362185715805e+00
-8.451722196166233658e+00
-7.318827030146753287e+00
-6.185931864127272917e+00
-5.053036698107792546e+00
-3.920141532088312175e+00
-2.787246366068831804e+00
-1.654351200049351434e+00
-5.214560340298710628e-01
6.114391319896093080e-01
1.744334298009089679e+00
2.877229464028570050e+00
4.010124630048050420e+00
5.143019796067534344e+00
6.275914962087014715e+00
7.408810128106495085e+00
8.541705294125975456e+00
9.674600460145455827e+00
1.080749562616493620e+01
1.194039079218441657e+01
1.307328595820389694e+01
1.420618112422337731e+01
1.533907629024285768e+01
1.647197145626233805e+01
1.760486662228181842e+01
1.873776178830129879e+01
1.987065695432077916e+01
2.100355212034025953e+01
2.213644728635973991e+01
2.326934245237922028e+01
2.440223761839870065e+01
2.553513278441818102e+01
2.666802795043766139e+01
2.780092311645714176e+01
2.893381828247662213e+01
3.006671344849610250e+01
3.119960861451558287e+01
3.233250378053507035e+01
3.346539894655455072e+01
3.459829411257403109e+01
3.573118927859351146e+01
3.686408444461299183e+01
3.799697961063247220e+01
3.912987477665195257e+01
4.026276994267143294e+01
4.139566510869091331e+01
4.252856027471039368e+01
4.366145544072987406e+01
4.479435060674935443e+01
4.592724577276883480e+01
4.706014093878831517e+01
4.819303610480779554e+01
4.932593127082727591e+01
5.045882643684675628e+01
5.159172160286623665e+01
5.272461676888571702e+01
5.385751193490519739e+01
5.499040710092467776e+01
5.612330226694415813e+01
5.725619743296363851e+01
5.838909259898311888e+01
5.952198776500259925e+01
6.065488293102207962e+01
6.178777809704155999e+01
6.292067326306104036e+01
6.405356842908051362e+01
