# xlin
-4.012253325494589973e+01
-3.895956127654167034e+01
-3.779658929813744095e+01
-3.663361731973321156e+01
-3.547064534132898217e+01
-3.430767336292475278e+01
-3.314470138452052339e+01
-3.198172940611629755e+01
-3.081875742771206816e+01
-2.965578544930783877e+01
-2.849281347090360939e+01
-2.732984149249938355e+01
-2.616686951409515416e+01
-2.500389753569092477e+01
-2.384092555728669538e+01
-2.267795357888246599e+01
-2.151498160047823660e+01
-2.035200962207400721e+01
-1.918903764366977782e+01
-1.802606566526554843e+01
-1.686309368686131904e+01
-1.570012170845709321e+01
-1.453714973005286382e+01
-1.337417775164863443e+01
-1.221120577324440504e+01
-1.104823379484017565e+01
-9.885261816435946258e+00
-8.722289838031716869e+00
-7.559317859627491032e+00
-6.396345881223261642e+00
-5.233373902819032253e+00
-4.070401924414802863e+00
-2.907429946010573474e+00
-1.744457967606344084e+00
-5.814859892021146948e-01
5.814859892021146948e-01
1.744457967606344084e+00
2.907429946010573474e+00
4.070401924414802863e+00
5.233373902819032253e+00
6.396345881223261642e+00
7.559317859627483926e+00
8.722289838031713316e+00
9.885261816435942706e+00
1.104823379484017210e+01
1.221120577324440148e+01
1.337417775164863087e+01
1.453714973005286026e+01
1.570012170845708965e+01
1.686309368686131904e+01
1.802606566526554843e+01
1.918903764366977782e+01
2.035200962207400721e+01
2.151498160047823660e+01
2.267795357888246599e+01
2.384092555728669538e+01
2.500389753569091766e+01
2.616686951409514705e+01
2.732984149249937644e+01
2.849281347090360583e+01
2.965578544930783522e+01
3.081875742771206461e+01
3.198172940611629400e+01
3.314470138452052339e+01
3.430767336292475278e+01
3.547064534132898217e+01
3.663361731973321156e+01
3.779658929813744095e+01
3.895956127654167034e+01
