# step,n0,n1,n2,n3,n4
0.0 50119.0 2.0 20.0 4.0 543.0
100.0 50131.0 4.0 16.0 2.0 535.0
200.0 50155.0 4.0 13.0 2.0 514.0
300.0 50085.0 2.0 14.0 3.0 584.0
400.0 50127.0 1.0 20.0 3.0 537.0
500.0 50110.0 3.0 15.0 3.0 557.0
600.0 50101.0 1.0 14.0 6.0 566.0
700.0 50116.0 2.0 18.0 5.0 547.0
800.0 50108.0 3.0 15.0 4.0 558.0
900.0 50130.0 4.0 15.0 4.0 535.0
1000.0 50117.0 1.0 17.0 3.0 550.0
1100.0 50094.0 1.0 14.0 6.0 573.0
1200.0 50092.0 1.0 18.0 5.0 572.0
1300.0 50093.0 1.0 21.0 8.0 565.0
1400.0 50098.0 2.0 14.0 3.0 571.0
1500.0 50086.0 4.0 18.0 2.0 578.0
1600.0 50109.0 2.0 14.0 6.0 557.0
1700.0 50068.0 3.0 17.0 2.0 598.0
1800.0 50085.0 4.0 20.0 5.0 574.0
1900.0 50124.0 1.0 17.0 2.0 544.0
2000.0 50101.0 1.0 13.0 2.0 571.0
2100.0 50117.0 3.0 12.0 5.0 551.0
2200.0 50060.0 2.0 19.0 2.0 605.0
2300.0 50098.0 2.0 20.0 4.0 564.0
2400.0 50122.0 2.0 17.0 3.0 544.0
2500.0 50078.0 2.0 15.0 2.0 591.0
2600.0 50124.0 2.0 14.0 4.0 544.0
2700.0 50132.0 5.0 13.0 4.0 534.0
2800.0 50096.0 2.0 17.0 4.0 569.0
2900.0 50104.0 1.0 16.0 2.0 565.0
3000.0 50052.0 4.0 18.0 4.0 610.0
3100.0 50110.0 0.0 17.0 1.0 560.0
3200.0 50086.0 0.0 15.0 3.0 584.0
3300.0 50086.0 4.0 24.0 4.0 570.0
3400.0 50073.0 3.0 21.0 5.0 586.0
3500.0 50071.0 2.0 15.0 3.0 597.0
3600.0 50088.0 3.0 18.0 1.0 578.0
3700.0 50147.0 2.0 17.0 4.0 518.0
3800.0 50107.0 1.0 17.0 3.0 560.0
3900.0 50102.0 2.0 21.0 4.0 559.0
4000.0 50071.0 3.0 15.0 2.0 597.0
4100.0 50061.0 2.0 19.0 2.0 604.0
4200.0 50072.0 1.0 15.0 3.0 597.0
4300.0 50104.0 2.0 11.0 2.0 569.0
4400.0 50051.0 2.0 17.0 2.0 616.0
4500.0 50045.0 3.0 20.0 0.0 620.0
4600.0 50059.0 2.0 19.0 2.0 606.0
4700.0 50079.0 1.0 22.0 3.0 583.0
4800.0 50059.0 3.0 17.0 4.0 605.0
4900.0 50092.0 4.0 19.0 7.0 566.0
5000.0 50013.0 2.0 21.0 3.0 649.0
5100.0 50091.0 0.0 24.0 1.0 572.0
5200.0 50079.0 0.0 23.0 4.0 582.0
5300.0 50079.0 2.0 20.0 2.0 585.0
5400.0 50074.0 1.0 21.0 2.0 590.0
5500.0 50053.0 2.0 21.0 1.0 611.0
5600.0 50089.0 3.0 15.0 2.0 579.0
5700.0 50067.0 2.0 26.0 3.0 590.0
5800.0 50018.0 2.0 18.0 3.0 647.0
5900.0 50057.0 2.0 16.0 2.0 611.0
6000.0 50069.0 3.0 15.0 5.0 596.0
6100.0 50042.0 3.0 15.0 4.0 624.0
6200.0 50047.0 2.0 10.0 1.0 628.0
6300.0 50041.0 2.0 20.0 1.0 624.0
6400.0 50097.0 4.0 12.0 5.0 570.0
6500.0 50053.0 3.0 25.0 5.0 602.0
6600.0 50010.0 3.0 26.0 1.0 648.0
6700.0 50076.0 2.0 17.0 1.0 592.0
6800.0 50054.0 2.0 24.0 5.0 603.0
6900.0 50010.0 4.0 24.0 3.0 647.0
7000.0 50083.0 1.0 21.0 2.0 581.0
7100.0 50030.0 1.0 25.0 2.0 630.0
7200.0 50036.0 4.0 17.0 2.0 629.0
7300.0 50039.0 4.0 19.0 3.0 623.0
7400.0 50010.0 0.0 20.0 2.0 656.0
7500.0 50108.0 1.0 21.0 2.0 556.0
7600.0 50031.0 1.0 19.0 6.0 631.0
7700.0 50063.0 1.0 17.0 4.0 603.0
7800.0 50036.0 1.0 21.0 1.0 629.0
7900.0 50048.0 3.0 24.0 2.0 611.0
8000.0 50065.0 4.0 15.0 2.0 602.0
8100.0 50073.0 1.0 17.0 1.0 596.0
8200.0 50073.0 1.0 20.0 3.0 591.0
8300.0 50048.0 3.0 21.0 2.0 614.0
8400.0 50055.0 1.0 21.0 2.0 609.0
8500.0 50076.0 3.0 27.0 1.0 581.0
8600.0 50059.0 2.0 18.0 2.0 607.0
8700.0 50079.0 1.0 14.0 3.0 591.0
8800.0 50014.0 2.0 21.0 4.0 647.0
8900.0 50059.0 1.0 24.0 5.0 599.0
9000.0 50000.0 2.0 21.0 9.0 656.0
9100.0 50069.0 2.0 17.0 0.0 600.0
9200.0 50057.0 2.0 24.0 2.0 603.0
9300.0 50062.0 3.0 21.0 3.0 599.0
9400.0 50102.0 3.0 14.0 3.0 566.0
9500.0 50047.0 3.0 18.0 3.0 617.0
9600.0 50048.0 2.0 26.0 3.0 609.0
9700.0 50016.0 4.0 21.0 7.0 640.0
9800.0 50055.0 2.0 26.0 0.0 605.0
9900.0 50042.0 2.0 25.0 0.0 619.0
10000.0 50040.0 4.0 19.0 2.0 623.0
10100.0 50034.0 3.0 23.0 0.0 628.0
10200.0 50047.0 5.0 21.0 0.0 615.0
10300.0 50044.0 3.0 21.0 6.0 614.0
10400.0 50055.0 5.0 18.0 6.0 604.0
10500.0 50042.0 1.0 19.0 4.0 622.0
10600.0 50021.0 2.0 23.0 4.0 638.0
10700.0 50060.0 2.0 25.0 3.0 598.0
10800.0 50005.0 3.0 17.0 6.0 657.0
10900.0 50062.0 2.0 23.0 2.0 599.0
11000.0 50009.0 3.0 17.0 3.0 656.0
11100.0 50003.0 2.0 21.0 4.0 658.0
11200.0 50045.0 2.0 23.0 4.0 614.0
11300.0 50006.0 2.0 21.0 4.0 655.0
11400.0 50046.0 3.0 28.0 2.0 609.0
11500.0 50033.0 2.0 24.0 4.0 625.0
11600.0 50001.0 3.0 19.0 4.0 661.0
11700.0 50029.0 4.0 17.0 1.0 637.0
11800.0 50036.0 1.0 19.0 2.0 630.0
11900.0 50052.0 2.0 24.0 3.0 607.0
12000.0 50005.0 2.0 19.0 3.0 659.0
12100.0 50006.0 2.0 22.0 3.0 655.0
12200.0 50085.0 1.0 18.0 6.0 578.0
12300.0 50022.0 2.0 20.0 3.0 641.0
12400.0 50055.0 1.0 21.0 3.0 608.0
12500.0 50005.0 2.0 21.0 5.0 655.0
12600.0 50045.0 2.0 23.0 3.0 615.0
12700.0 50004.0 3.0 21.0 2.0 658.0
12800.0 50016.0 5.0 17.0 2.0 648.0
12900.0 50050.0 5.0 19.0 3.0 611.0
13000.0 50025.0 4.0 21.0 2.0 636.0
13100.0 50040.0 2.0 18.0 5.0 623.0
13200.0 50008.0 1.0 22.0 2.0 655.0
13300.0 50014.0 2.0 24.0 3.0 645.0
13400.0 50018.0 5.0 19.0 3.0 643.0
13500.0 50028.0 4.0 20.0 7.0 629.0
13600.0 50012.0 5.0 18.0 4.0 649.0
13700.0 50009.0 6.0 22.0 1.0 650.0
13800.0 50009.0 4.0 19.0 1.0 655.0
13900.0 50020.0 1.0 20.0 5.0 642.0
14000.0 50021.0 2.0 21.0 3.0 641.0
14100.0 50026.0 1.0 23.0 1.0 637.0
14200.0 49990.0 2.0 20.0 2.0 674.0
14300.0 49994.0 2.0 16.0 4.0 672.0
14400.0 50061.0 2.0 14.0 2.0 609.0
14500.0 49987.0 1.0 24.0 0.0 676.0
14600.0 50018.0 2.0 19.0 4.0 645.0
14700.0 50059.0 3.0 19.0 2.0 605.0
14800.0 49983.0 5.0 18.0 3.0 679.0
14900.0 50031.0 2.0 19.0 2.0 634.0
15000.0 50017.0 0.0 18.0 7.0 646.0
15100.0 50031.0 2.0 19.0 2.0 634.0
15200.0 50072.0 3.0 20.0 4.0 589.0
15300.0 50014.0 4.0 21.0 2.0 647.0
15400.0 49998.0 2.0 16.0 4.0 668.0
15500.0 50030.0 4.0 17.0 3.0 634.0
15600.0 50026.0 2.0 14.0 3.0 643.0
15700.0 50001.0 2.0 20.0 3.0 662.0
15800.0 50003.0 4.0 22.0 5.0 654.0
15900.0 50003.0 2.0 16.0 2.0 665.0
16000.0 50024.0 3.0 24.0 3.0 634.0
16100.0 50043.0 1.0 16.0 2.0 626.0
16200.0 50016.0 2.0 13.0 3.0 654.0
16300.0 50038.0 1.0 22.0 4.0 623.0
16400.0 50010.0 2.0 19.0 4.0 653.0
16500.0 50014.0 2.0 23.0 5.0 644.0
16600.0 50026.0 1.0 19.0 0.0 642.0
16700.0 50009.0 2.0 20.0 6.0 651.0
16800.0 50044.0 1.0 22.0 5.0 616.0
16900.0 50057.0 3.0 21.0 1.0 606.0
17000.0 50004.0 4.0 18.0 4.0 658.0
17100.0 50046.0 2.0 18.0 2.0 620.0
17200.0 50014.0 3.0 17.0 3.0 651.0
17300.0 50046.0 3.0 19.0 7.0 613.0
17400.0 50033.0 4.0 15.0 2.0 634.0
17500.0 50026.0 3.0 16.0 2.0 641.0
17600.0 50054.0 3.0 22.0 4.0 605.0
17700.0 50020.0 2.0 18.0 1.0 647.0
17800.0 50001.0 3.0 20.0 5.0 659.0
17900.0 50022.0 1.0 14.0 3.0 648.0
18000.0 50037.0 4.0 18.0 5.0 624.0
18100.0 50003.0 1.0 19.0 4.0 661.0
18200.0 50023.0 2.0 15.0 1.0 647.0
18300.0 50042.0 2.0 26.0 0.0 618.0
18400.0 50016.0 3.0 16.0 2.0 651.0
18500.0 50028.0 4.0 20.0 2.0 634.0
18600.0 50018.0 4.0 24.0 3.0 639.0
18700.0 50012.0 4.0 15.0 4.0 653.0
18800.0 49981.0 3.0 22.0 2.0 680.0
18900.0 50000.0 1.0 20.0 3.0 664.0
19000.0 50016.0 3.0 20.0 3.0 646.0
19100.0 49989.0 4.0 21.0 3.0 671.0
19200.0 49965.0 3.0 18.0 4.0 698.0
19300.0 49980.0 2.0 19.0 2.0 685.0
19400.0 50014.0 3.0 28.0 3.0 640.0
19500.0 50041.0 2.0 19.0 3.0 623.0
19600.0 49997.0 4.0 16.0 3.0 668.0
19700.0 49996.0 5.0 20.0 3.0 664.0
19800.0 49977.0 4.0 19.0 3.0 685.0
19900.0 49981.0 5.0 19.0 1.0 682.0
20000.0 50039.0 3.0 24.0 4.0 618.0
20100.0 50070.0 2.0 23.0 3.0 590.0
20200.0 50009.0 3.0 21.0 4.0 651.0
20300.0 50016.0 2.0 16.0 1.0 653.0
20400.0 50038.0 3.0 14.0 1.0 632.0
20500.0 50003.0 4.0 18.0 7.0 656.0
20600.0 49986.0 3.0 26.0 7.0 666.0
20700.0 49997.0 5.0 19.0 3.0 664.0
20800.0 49998.0 4.0 20.0 2.0 664.0
20900.0 50016.0 4.0 18.0 5.0 645.0
21000.0 50012.0 1.0 24.0 2.0 649.0
21100.0 49993.0 3.0 20.0 2.0 670.0
21200.0 50025.0 2.0 16.0 6.0 639.0
21300.0 50015.0 4.0 15.0 3.0 651.0
21400.0 50051.0 3.0 18.0 6.0 610.0
21500.0 50010.0 3.0 17.0 2.0 656.0
21600.0 50041.0 5.0 19.0 2.0 621.0
21700.0 50031.0 4.0 23.0 3.0 627.0
21800.0 50004.0 2.0 21.0 1.0 660.0
21900.0 50021.0 2.0 17.0 3.0 645.0
22000.0 50024.0 2.0 21.0 2.0 639.0
22100.0 50035.0 3.0 18.0 1.0 631.0
22200.0 50044.0 4.0 18.0 6.0 616.0
22300.0 50046.0 4.0 19.0 2.0 617.0
22400.0 50029.0 3.0 22.0 1.0 633.0
22500.0 50016.0 3.0 22.0 4.0 643.0
22600.0 50021.0 5.0 25.0 3.0 634.0
22700.0 50002.0 2.0 16.0 5.0 663.0
22800.0 50001.0 3.0 23.0 7.0 654.0
22900.0 50029.0 5.0 14.0 4.0 636.0
23000.0 49989.0 2.0 20.0 3.0 674.0
23100.0 50009.0 4.0 24.0 3.0 648.0
23200.0 50051.0 3.0 18.0 3.0 613.0
23300.0 50033.0 3.0 18.0 3.0 631.0
23400.0 49997.0 5.0 19.0 2.0 665.0
23500.0 50021.0 2.0 23.0 1.0 641.0
23600.0 50009.0 2.0 24.0 8.0 645.0
23700.0 50039.0 4.0 22.0 4.0 619.0
23800.0 50051.0 4.0 17.0 3.0 613.0
23900.0 50024.0 5.0 16.0 2.0 641.0
24000.0 50004.0 5.0 22.0 3.0 654.0
24100.0 49980.0 2.0 24.0 3.0 679.0
24200.0 50015.0 3.0 23.0 2.0 645.0
24300.0 50009.0 2.0 17.0 4.0 656.0
24400.0 50001.0 3.0 17.0 4.0 663.0
24500.0 49997.0 5.0 19.0 4.0 663.0
24600.0 50010.0 3.0 22.0 2.0 651.0
24700.0 50010.0 4.0 19.0 5.0 650.0
24800.0 50015.0 4.0 16.0 3.0 650.0
24900.0 49987.0 3.0 18.0 4.0 676.0
25000.0 50010.0 3.0 19.0 3.0 653.0
25100.0 49996.0 5.0 19.0 1.0 667.0
25200.0 49986.0 4.0 18.0 2.0 678.0
25300.0 49985.0 4.0 18.0 3.0 678.0
25400.0 50002.0 2.0 16.0 1.0 667.0
25500.0 49994.0 4.0 22.0 5.0 663.0
25600.0 50029.0 3.0 16.0 4.0 636.0
25700.0 49993.0 1.0 21.0 2.0 671.0
25800.0 49993.0 4.0 14.0 2.0 675.0
25900.0 50016.0 2.0 18.0 5.0 647.0
26000.0 49997.0 4.0 20.0 1.0 666.0
26100.0 50041.0 5.0 18.0 1.0 623.0
26200.0 49943.0 2.0 23.0 1.0 719.0
26300.0 50033.0 2.0 17.0 6.0 630.0
26400.0 50002.0 2.0 20.0 3.0 661.0
26500.0 49945.0 2.0 20.0 4.0 717.0
26600.0 50003.0 3.0 26.0 3.0 653.0
26700.0 49996.0 1.0 22.0 2.0 667.0
26800.0 50044.0 2.0 12.0 4.0 626.0
26900.0 50027.0 4.0 21.0 3.0 633.0
27000.0 49986.0 3.0 18.0 4.0 677.0
27100.0 49983.0 2.0 14.0 6.0 683.0
27200.0 50014.0 4.0 16.0 4.0 650.0
27300.0 49979.0 4.0 15.0 3.0 687.0
27400.0 49979.0 2.0 20.0 3.0 684.0
27500.0 50021.0 4.0 13.0 4.0 646.0
27600.0 50039.0 3.0 20.0 1.0 625.0
27700.0 49979.0 2.0 16.0 0.0 691.0
27800.0 49977.0 6.0 14.0 4.0 687.0
27900.0 50061.0 6.0 15.0 4.0 602.0
28000.0 50022.0 2.0 21.0 1.0 642.0
28100.0 50028.0 5.0 15.0 2.0 638.0
28200.0 50002.0 4.0 18.0 1.0 663.0
28300.0 50015.0 3.0 20.0 2.0 648.0
28400.0 49986.0 3.0 22.0 4.0 673.0
28500.0 49993.0 3.0 20.0 3.0 669.0
28600.0 50013.0 4.0 19.0 3.0 649.0
28700.0 50004.0 1.0 23.0 1.0 659.0
28800.0 50023.0 2.0 21.0 2.0 640.0
28900.0 49997.0 2.0 18.0 4.0 667.0
29000.0 49986.0 3.0 18.0 3.0 678.0
29100.0 50014.0 3.0 15.0 4.0 652.0
29200.0 50008.0 4.0 15.0 4.0 657.0
29300.0 50000.0 5.0 15.0 2.0 666.0
29400.0 50003.0 5.0 20.0 5.0 655.0
29500.0 50019.0 4.0 22.0 2.0 641.0
29600.0 50002.0 2.0 14.0 4.0 666.0
29700.0 49970.0 3.0 21.0 3.0 691.0
29800.0 49987.0 2.0 16.0 4.0 679.0
29900.0 49954.0 4.0 25.0 2.0 703.0
30000.0 49975.0 3.0 19.0 1.0 690.0
30100.0 50068.0 3.0 22.0 7.0 588.0
30200.0 49979.0 0.0 18.0 4.0 687.0
30300.0 50004.0 1.0 16.0 5.0 662.0
30400.0 50033.0 1.0 16.0 2.0 636.0
30500.0 50025.0 3.0 16.0 4.0 640.0
30600.0 50028.0 4.0 17.0 3.0 636.0
30700.0 49992.0 4.0 18.0 0.0 674.0
30800.0 49999.0 1.0 18.0 4.0 666.0
30900.0 50036.0 2.0 19.0 2.0 629.0
31000.0 49975.0 5.0 20.0 5.0 683.0
31100.0 50021.0 3.0 16.0 4.0 644.0
31200.0 49996.0 3.0 13.0 2.0 674.0
31300.0 49958.0 1.0 14.0 2.0 713.0
31400.0 50015.0 2.0 19.0 3.0 649.0
31500.0 49984.0 2.0 19.0 4.0 679.0
31600.0 49989.0 5.0 15.0 0.0 679.0
31700.0 49979.0 2.0 19.0 1.0 687.0
31800.0 49988.0 3.0 17.0 3.0 677.0
31900.0 50001.0 4.0 17.0 4.0 662.0
32000.0 50035.0 1.0 19.0 3.0 630.0
32100.0 49984.0 2.0 17.0 3.0 682.0
32200.0 50002.0 3.0 17.0 4.0 662.0
32300.0 50029.0 1.0 22.0 6.0 630.0
32400.0 50003.0 4.0 18.0 1.0 662.0
32500.0 49983.0 2.0 20.0 4.0 679.0
32600.0 49970.0 3.0 20.0 2.0 693.0
32700.0 50014.0 3.0 18.0 2.0 651.0
32800.0 49984.0 3.0 23.0 1.0 677.0
32900.0 50053.0 4.0 12.0 0.0 619.0
33000.0 49987.0 4.0 18.0 3.0 676.0
33100.0 49997.0 3.0 17.0 3.0 668.0
33200.0 49984.0 4.0 20.0 3.0 677.0
33300.0 49989.0 3.0 19.0 4.0 673.0
33400.0 49990.0 3.0 17.0 4.0 674.0
33500.0 49997.0 4.0 18.0 1.0 668.0
33600.0 49984.0 3.0 17.0 4.0 680.0
33700.0 50011.0 2.0 18.0 1.0 656.0
33800.0 49985.0 3.0 16.0 2.0 682.0
33900.0 49993.0 3.0 12.0 3.0 677.0
34000.0 49991.0 4.0 17.0 1.0 675.0
34100.0 50017.0 4.0 20.0 4.0 643.0
34200.0 49993.0 3.0 18.0 6.0 668.0
34300.0 50023.0 6.0 17.0 3.0 639.0
34400.0 50011.0 2.0 17.0 5.0 653.0
34500.0 50021.0 0.0 13.0 5.0 649.0
34600.0 50012.0 4.0 16.0 2.0 654.0
34700.0 50016.0 2.0 21.0 3.0 646.0
34800.0 49950.0 4.0 21.0 5.0 708.0
34900.0 49983.0 4.0 19.0 3.0 679.0
35000.0 49998.0 2.0 20.0 4.0 664.0
35100.0 49972.0 4.0 19.0 1.0 692.0
35200.0 49977.0 2.0 17.0 2.0 690.0
35300.0 50011.0 0.0 20.0 2.0 655.0
35400.0 50021.0 4.0 14.0 3.0 646.0
35500.0 49972.0 3.0 19.0 4.0 690.0
35600.0 50047.0 2.0 23.0 2.0 614.0
35700.0 50022.0 2.0 15.0 4.0 645.0
35800.0 50017.0 5.0 18.0 2.0 646.0
35900.0 49988.0 4.0 22.0 5.0 669.0
36000.0 50010.0 3.0 16.0 2.0 657.0
36100.0 50011.0 4.0 19.0 2.0 652.0
36200.0 50006.0 2.0 16.0 2.0 662.0
36300.0 49991.0 3.0 15.0 3.0 676.0
36400.0 49983.0 1.0 20.0 6.0 678.0
36500.0 49963.0 5.0 18.0 3.0 699.0
36600.0 50013.0 4.0 21.0 3.0 647.0
36700.0 50002.0 3.0 18.0 3.0 662.0
36800.0 49997.0 2.0 16.0 4.0 669.0
36900.0 50031.0 3.0 16.0 1.0 637.0
37000.0 49993.0 5.0 19.0 0.0 671.0
37100.0 50003.0 2.0 19.0 2.0 662.0
37200.0 49926.0 3.0 19.0 4.0 736.0
37300.0 49999.0 4.0 16.0 2.0 667.0
37400.0 50011.0 3.0 18.0 2.0 654.0
37500.0 49978.0 3.0 18.0 4.0 685.0
37600.0 50024.0 2.0 19.0 1.0 642.0
37700.0 49977.0 3.0 17.0 4.0 687.0
37800.0 49970.0 5.0 22.0 1.0 690.0
37900.0 50009.0 5.0 21.0 6.0 647.0
38000.0 49940.0 2.0 22.0 2.0 722.0
38100.0 50030.0 2.0 13.0 4.0 639.0
38200.0 49999.0 4.0 17.0 2.0 666.0
38300.0 49946.0 3.0 21.0 3.0 715.0
38400.0 50030.0 2.0 23.0 5.0 628.0
38500.0 49958.0 2.0 17.0 1.0 710.0
38600.0 50022.0 3.0 20.0 3.0 640.0
38700.0 49995.0 3.0 18.0 4.0 668.0
38800.0 49967.0 2.0 19.0 3.0 697.0
38900.0 49999.0 3.0 18.0 3.0 665.0
39000.0 50031.0 5.0 19.0 2.0 631.0
39100.0 50001.0 4.0 16.0 4.0 663.0
39200.0 50022.0 4.0 15.0 4.0 643.0
39300.0 50016.0 1.0 19.0 2.0 650.0
39400.0 49978.0 2.0 20.0 3.0 685.0
39500.0 50007.0 4.0 22.0 3.0 652.0
39600.0 49966.0 6.0 22.0 3.0 691.0
39700.0 49993.0 3.0 22.0 4.0 666.0
39800.0 50019.0 2.0 24.0 3.0 640.0
39900.0 50030.0 3.0 16.0 3.0 636.0
40000.0 49950.0 0.0 21.0 4.0 713.0
40100.0 49970.0 3.0 27.0 3.0 685.0
40200.0 50005.0 3.0 12.0 3.0 665.0
40300.0 49973.0 0.0 14.0 2.0 699.0
40400.0 49976.0 2.0 19.0 6.0 685.0
40500.0 50034.0 3.0 19.0 6.0 626.0
40600.0 50015.0 2.0 17.0 3.0 651.0
40700.0 49990.0 2.0 20.0 8.0 668.0
40800.0 49980.0 1.0 23.0 1.0 683.0
40900.0 49975.0 3.0 22.0 4.0 684.0
41000.0 49962.0 2.0 20.0 5.0 699.0
41100.0 50016.0 3.0 19.0 6.0 644.0
41200.0 49969.0 4.0 16.0 2.0 697.0
41300.0 49987.0 1.0 14.0 4.0 682.0
41400.0 49946.0 2.0 19.0 5.0 716.0
41500.0 49980.0 3.0 25.0 2.0 678.0
41600.0 49976.0 5.0 20.0 6.0 681.0
41700.0 49969.0 2.0 21.0 2.0 694.0
41800.0 49988.0 4.0 13.0 7.0 676.0
41900.0 49996.0 2.0 17.0 6.0 667.0
42000.0 49989.0 4.0 22.0 6.0 667.0
42100.0 50004.0 3.0 25.0 4.0 652.0
42200.0 49939.0 1.0 25.0 1.0 722.0
42300.0 49971.0 3.0 21.0 3.0 690.0
42400.0 50006.0 2.0 18.0 1.0 661.0
42500.0 49947.0 3.0 16.0 4.0 718.0
42600.0 49957.0 3.0 23.0 3.0 702.0
42700.0 49997.0 0.0 19.0 4.0 668.0
42800.0 49957.0 3.0 20.0 4.0 704.0
42900.0 49969.0 3.0 22.0 2.0 692.0
43000.0 49989.0 2.0 17.0 3.0 677.0
43100.0 49962.0 3.0 15.0 5.0 703.0
43200.0 49974.0 3.0 17.0 1.0 693.0
43300.0 49982.0 4.0 20.0 1.0 681.0
43400.0 49975.0 2.0 19.0 2.0 690.0
43500.0 49960.0 3.0 21.0 4.0 700.0
43600.0 49995.0 3.0 19.0 2.0 669.0
43700.0 49958.0 2.0 18.0 2.0 708.0
43800.0 49999.0 2.0 15.0 2.0 670.0
43900.0 49971.0 4.0 16.0 2.0 695.0
44000.0 50019.0 4.0 21.0 3.0 641.0
44100.0 49982.0 3.0 21.0 3.0 679.0
44200.0 49996.0 2.0 15.0 5.0 670.0
44300.0 49987.0 3.0 21.0 4.0 673.0
44400.0 49996.0 3.0 19.0 3.0 667.0
44500.0 49968.0 2.0 20.0 3.0 695.0
44600.0 49978.0 2.0 15.0 3.0 690.0
44700.0 49970.0 1.0 20.0 3.0 694.0
44800.0 49982.0 2.0 26.0 2.0 676.0
44900.0 49996.0 1.0 17.0 4.0 670.0
45000.0 49959.0 5.0 15.0 3.0 706.0
45100.0 50001.0 2.0 18.0 3.0 664.0
45200.0 49962.0 2.0 17.0 2.0 705.0
45300.0 49997.0 3.0 21.0 3.0 664.0
45400.0 49979.0 2.0 19.0 3.0 685.0
45500.0 50011.0 0.0 15.0 2.0 660.0
45600.0 49973.0 5.0 21.0 2.0 687.0
45700.0 49922.0 2.0 20.0 5.0 739.0
45800.0 50002.0 2.0 19.0 2.0 663.0
45900.0 49967.0 4.0 15.0 3.0 699.0
46000.0 50004.0 3.0 14.0 3.0 664.0
46100.0 49985.0 1.0 19.0 2.0 681.0
46200.0 49956.0 4.0 17.0 4.0 707.0
46300.0 50004.0 4.0 15.0 4.0 661.0
46400.0 49989.0 2.0 17.0 4.0 676.0
46500.0 49999.0 3.0 14.0 5.0 667.0
46600.0 49969.0 3.0 20.0 1.0 695.0
46700.0 49975.0 0.0 15.0 1.0 697.0
46800.0 49977.0 1.0 22.0 3.0 685.0
46900.0 49987.0 1.0 16.0 0.0 684.0
47000.0 49963.0 2.0 16.0 2.0 705.0
47100.0 49978.0 1.0 22.0 2.0 685.0
47200.0 50007.0 1.0 22.0 6.0 652.0
47300.0 49984.0 4.0 19.0 2.0 679.0
47400.0 49952.0 1.0 16.0 3.0 716.0
47500.0 49961.0 2.0 17.0 4.0 704.0
47600.0 49988.0 2.0 21.0 1.0 676.0
47700.0 49979.0 0.0 19.0 3.0 687.0
47800.0 50024.0 1.0 17.0 3.0 643.0
47900.0 49958.0 1.0 20.0 3.0 706.0
48000.0 49981.0 2.0 20.0 4.0 681.0
48100.0 49971.0 0.0 12.0 3.0 702.0
48200.0 49974.0 3.0 26.0 3.0 682.0
48300.0 49973.0 3.0 21.0 2.0 689.0
48400.0 49983.0 4.0 17.0 4.0 680.0
48500.0 49973.0 4.0 24.0 3.0 684.0
48600.0 49990.0 3.0 16.0 4.0 675.0
48700.0 49939.0 2.0 22.0 3.0 722.0
48800.0 49952.0 3.0 15.0 4.0 714.0
48900.0 49989.0 1.0 20.0 6.0 672.0
49000.0 49984.0 2.0 16.0 3.0 683.0
49100.0 50003.0 1.0 16.0 0.0 668.0
49200.0 49948.0 2.0 18.0 3.0 717.0
49300.0 49989.0 3.0 21.0 4.0 671.0
49400.0 49955.0 2.0 19.0 2.0 710.0
49500.0 49966.0 3.0 20.0 3.0 696.0
49600.0 49990.0 2.0 25.0 4.0 667.0
49700.0 49996.0 4.0 21.0 2.0 665.0
49800.0 49941.0 1.0 18.0 5.0 723.0
49900.0 49952.0 2.0 17.0 3.0 714.0
50000.0 50014.0 2.0 20.0 3.0 649.0
50100.0 49995.0 2.0 19.0 4.0 668.0
50200.0 49993.0 2.0 21.0 3.0 669.0
50300.0 49961.0 2.0 15.0 4.0 706.0
50400.0 49965.0 2.0 17.0 4.0 700.0
50500.0 50024.0 4.0 19.0 4.0 637.0
50600.0 49972.0 2.0 17.0 3.0 694.0
50700.0 50025.0 3.0 19.0 3.0 638.0
50800.0 49987.0 1.0 15.0 3.0 682.0
50900.0 49996.0 2.0 23.0 3.0 664.0
51000.0 49967.0 3.0 21.0 4.0 693.0
51100.0 50006.0 1.0 24.0 4.0 653.0
51200.0 49977.0 1.0 18.0 3.0 689.0
51300.0 49964.0 3.0 22.0 4.0 695.0
51400.0 49937.0 3.0 21.0 1.0 726.0
51500.0 49978.0 4.0 26.0 2.0 678.0
51600.0 49972.0 1.0 12.0 7.0 696.0
51700.0 49940.0 4.0 20.0 4.0 720.0
51800.0 50001.0 2.0 15.0 3.0 667.0
51900.0 49976.0 1.0 16.0 5.0 690.0
52000.0 50012.0 2.0 16.0 2.0 656.0
52100.0 49970.0 3.0 15.0 2.0 698.0
52200.0 49990.0 2.0 24.0 5.0 667.0
52300.0 49982.0 2.0 18.0 6.0 680.0
52400.0 50016.0 1.0 18.0 4.0 649.0
52500.0 49999.0 2.0 21.0 4.0 662.0
52600.0 49991.0 3.0 14.0 5.0 675.0
52700.0 50023.0 3.0 19.0 4.0 639.0
52800.0 49963.0 2.0 18.0 3.0 702.0
52900.0 49983.0 1.0 20.0 4.0 680.0
53000.0 49975.0 4.0 23.0 6.0 680.0
53100.0 49965.0 3.0 14.0 2.0 704.0
53200.0 49990.0 1.0 21.0 5.0 671.0
53300.0 49980.0 5.0 19.0 2.0 682.0
53400.0 49958.0 3.0 21.0 6.0 700.0
53500.0 49947.0 2.0 13.0 2.0 724.0
53600.0 50003.0 2.0 13.0 4.0 666.0
53700.0 49989.0 1.0 22.0 4.0 672.0
53800.0 49948.0 3.0 16.0 1.0 720.0
53900.0 49992.0 1.0 14.0 4.0 677.0
54000.0 49975.0 1.0 22.0 4.0 686.0
54100.0 49969.0 3.0 17.0 3.0 696.0
54200.0 49970.0 2.0 22.0 4.0 690.0
54300.0 49997.0 1.0 19.0 4.0 667.0
54400.0 49950.0 1.0 19.0 5.0 713.0
54500.0 49979.0 3.0 14.0 0.0 692.0
54600.0 49987.0 3.0 16.0 2.0 680.0
54700.0 49967.0 2.0 22.0 4.0 693.0
54800.0 49975.0 3.0 17.0 3.0 690.0
54900.0 49998.0 1.0 18.0 4.0 667.0
55000.0 49949.0 1.0 15.0 4.0 719.0
55100.0 49975.0 4.0 21.0 4.0 684.0
55200.0 49985.0 3.0 17.0 5.0 678.0
55300.0 49954.0 4.0 19.0 5.0 706.0
55400.0 49948.0 3.0 15.0 4.0 718.0
55500.0 49970.0 1.0 22.0 4.0 691.0
55600.0 49985.0 3.0 20.0 3.0 677.0
55700.0 50008.0 1.0 20.0 2.0 657.0
55800.0 49980.0 3.0 17.0 2.0 686.0
55900.0 49998.0 1.0 17.0 3.0 669.0
56000.0 49967.0 2.0 16.0 4.0 699.0
56100.0 49975.0 1.0 15.0 5.0 692.0
56200.0 50003.0 3.0 18.0 4.0 660.0
56300.0 49947.0 0.0 18.0 1.0 722.0
56400.0 50001.0 3.0 17.0 3.0 664.0
56500.0 50017.0 4.0 18.0 0.0 649.0
56600.0 49970.0 3.0 19.0 3.0 693.0
56700.0 49999.0 3.0 22.0 2.0 662.0
56800.0 49954.0 3.0 20.0 3.0 708.0
56900.0 49976.0 2.0 17.0 3.0 690.0
57000.0 49981.0 3.0 20.0 3.0 681.0
57100.0 50004.0 3.0 19.0 2.0 660.0
57200.0 49959.0 0.0 21.0 6.0 702.0
57300.0 49999.0 1.0 21.0 3.0 664.0
57400.0 49986.0 2.0 15.0 2.0 683.0
57500.0 49994.0 2.0 16.0 5.0 671.0
57600.0 50001.0 1.0 18.0 2.0 666.0
57700.0 49948.0 2.0 21.0 6.0 711.0
57800.0 49991.0 4.0 24.0 2.0 667.0
57900.0 49974.0 2.0 18.0 2.0 692.0
58000.0 50002.0 1.0 14.0 3.0 668.0
58100.0 49948.0 1.0 23.0 3.0 713.0
58200.0 49989.0 2.0 20.0 4.0 673.0
58300.0 49982.0 2.0 18.0 1.0 685.0
58400.0 49978.0 3.0 21.0 2.0 684.0
58500.0 49938.0 3.0 20.0 6.0 721.0
58600.0 49974.0 3.0 16.0 3.0 692.0
58700.0 49978.0 1.0 19.0 5.0 685.0
58800.0 49966.0 6.0 18.0 4.0 694.0
58900.0 49995.0 2.0 17.0 1.0 673.0
59000.0 49982.0 3.0 24.0 3.0 676.0
59100.0 49980.0 4.0 18.0 3.0 683.0
59200.0 49949.0 3.0 19.0 4.0 713.0
59300.0 49998.0 2.0 20.0 2.0 666.0
59400.0 49979.0 3.0 17.0 6.0 683.0
59500.0 49959.0 1.0 19.0 4.0 705.0
59600.0 49995.0 5.0 18.0 4.0 666.0
59700.0 49988.0 1.0 16.0 3.0 680.0
59800.0 49951.0 0.0 20.0 3.0 714.0
59900.0 49985.0 2.0 19.0 3.0 679.0
60000.0 49984.0 1.0 16.0 1.0 686.0
60100.0 49973.0 3.0 16.0 2.0 694.0
60200.0 50010.0 1.0 14.0 3.0 660.0
60300.0 49945.0 1.0 19.0 3.0 720.0
60400.0 49982.0 0.0 20.0 3.0 683.0
60500.0 49997.0 1.0 14.0 5.0 671.0
60600.0 49935.0 2.0 19.0 2.0 730.0
60700.0 49979.0 4.0 17.0 2.0 686.0
60800.0 49968.0 1.0 21.0 1.0 697.0
60900.0 49965.0 4.0 16.0 2.0 701.0
61000.0 49987.0 3.0 15.0 2.0 681.0
61100.0 49996.0 1.0 20.0 4.0 667.0
61200.0 49953.0 2.0 15.0 3.0 715.0
61300.0 49984.0 1.0 23.0 5.0 675.0
61400.0 49932.0 4.0 21.0 1.0 730.0
61500.0 49970.0 2.0 20.0 6.0 690.0
61600.0 49988.0 0.0 17.0 6.0 677.0
61700.0 49962.0 3.0 18.0 3.0 702.0
61800.0 49971.0 3.0 17.0 1.0 696.0
61900.0 50002.0 4.0 19.0 6.0 657.0
62000.0 49972.0 2.0 20.0 6.0 688.0
62100.0 49965.0 3.0 20.0 4.0 696.0
62200.0 49968.0 2.0 22.0 4.0 692.0
62300.0 49993.0 1.0 21.0 5.0 668.0
62400.0 49990.0 5.0 21.0 6.0 666.0
62500.0 49975.0 3.0 21.0 4.0 685.0
62600.0 50003.0 1.0 22.0 3.0 659.0
62700.0 50009.0 3.0 23.0 3.0 650.0
62800.0 49961.0 3.0 18.0 7.0 699.0
62900.0 50010.0 2.0 17.0 4.0 655.0
63000.0 49950.0 4.0 24.0 5.0 705.0
63100.0 49952.0 2.0 19.0 3.0 712.0
63200.0 50004.0 2.0 18.0 2.0 662.0
63300.0 50007.0 1.0 16.0 5.0 659.0
63400.0 50009.0 5.0 18.0 3.0 653.0
63500.0 49999.0 2.0 22.0 3.0 662.0
63600.0 50009.0 1.0 23.0 4.0 651.0
63700.0 50004.0 5.0 20.0 3.0 656.0
63800.0 49984.0 1.0 18.0 6.0 679.0
63900.0 49985.0 2.0 21.0 5.0 675.0
64000.0 49998.0 2.0 18.0 4.0 666.0
64100.0 49958.0 3.0 22.0 7.0 698.0
64200.0 49972.0 3.0 14.0 4.0 695.0
64300.0 49959.0 3.0 17.0 3.0 706.0
64400.0 49976.0 4.0 20.0 3.0 685.0
64500.0 49964.0 3.0 17.0 3.0 701.0
64600.0 50005.0 3.0 18.0 3.0 659.0
64700.0 49973.0 2.0 18.0 1.0 694.0
64800.0 50004.0 3.0 17.0 4.0 660.0
64900.0 50010.0 1.0 16.0 4.0 657.0
65000.0 50004.0 5.0 18.0 3.0 658.0
65100.0 49983.0 1.0 22.0 2.0 680.0
65200.0 50012.0 1.0 17.0 1.0 657.0
65300.0 50053.0 4.0 19.0 5.0 607.0
65400.0 50000.0 2.0 22.0 3.0 661.0
65500.0 49956.0 1.0 24.0 3.0 704.0
65600.0 50013.0 1.0 15.0 3.0 656.0
65700.0 49972.0 4.0 19.0 4.0 689.0
65800.0 50003.0 1.0 22.0 2.0 660.0
65900.0 49959.0 2.0 28.0 1.0 698.0
66000.0 49973.0 2.0 19.0 1.0 693.0
66100.0 49914.0 3.0 23.0 3.0 745.0
66200.0 49988.0 2.0 16.0 7.0 675.0
66300.0 49972.0 4.0 18.0 3.0 691.0
66400.0 50013.0 0.0 16.0 2.0 657.0
66500.0 49965.0 4.0 18.0 4.0 697.0
66600.0 49972.0 2.0 18.0 4.0 692.0
66700.0 49940.0 3.0 18.0 4.0 723.0
66800.0 49993.0 2.0 15.0 7.0 671.0
66900.0 49974.0 2.0 19.0 8.0 685.0
67000.0 50010.0 4.0 19.0 2.0 653.0
67100.0 49953.0 3.0 21.0 4.0 707.0
67200.0 50014.0 2.0 17.0 3.0 652.0
67300.0 49995.0 0.0 17.0 2.0 674.0
67400.0 49980.0 3.0 17.0 3.0 685.0
67500.0 49980.0 1.0 15.0 6.0 686.0
67600.0 49988.0 5.0 22.0 3.0 670.0
67700.0 50010.0 5.0 15.0 3.0 655.0
67800.0 50009.0 2.0 17.0 4.0 656.0
67900.0 49984.0 1.0 18.0 2.0 683.0
68000.0 49990.0 2.0 14.0 4.0 678.0
68100.0 49977.0 1.0 22.0 5.0 683.0
68200.0 49973.0 2.0 23.0 4.0 686.0
68300.0 50003.0 3.0 18.0 3.0 661.0
68400.0 50019.0 3.0 21.0 2.0 643.0
68500.0 49989.0 2.0 17.0 3.0 677.0
68600.0 49985.0 2.0 21.0 3.0 677.0
68700.0 49980.0 3.0 19.0 3.0 683.0
68800.0 49976.0 4.0 18.0 4.0 686.0
68900.0 49984.0 2.0 14.0 2.0 686.0
69000.0 49987.0 4.0 20.0 1.0 676.0
69100.0 49952.0 2.0 17.0 3.0 714.0
69200.0 49954.0 2.0 15.0 1.0 716.0
69300.0 49940.0 1.0 18.0 2.0 727.0
69400.0 50014.0 2.0 21.0 5.0 646.0
69500.0 49963.0 2.0 21.0 5.0 697.0
69600.0 50030.0 4.0 16.0 4.0 634.0
69700.0 49959.0 2.0 23.0 1.0 703.0
69800.0 50003.0 2.0 16.0 4.0 663.0
69900.0 50001.0 4.0 17.0 4.0 662.0
70000.0 49964.0 2.0 17.0 3.0 702.0
70100.0 49944.0 1.0 16.0 4.0 723.0
70200.0 50005.0 4.0 19.0 2.0 658.0
70300.0 50030.0 3.0 21.0 1.0 633.0
70400.0 49949.0 3.0 16.0 0.0 720.0
70500.0 49947.0 4.0 21.0 9.0 707.0
70600.0 49929.0 4.0 19.0 4.0 732.0
70700.0 49988.0 2.0 19.0 1.0 678.0
70800.0 49946.0 4.0 16.0 4.0 718.0
70900.0 49991.0 3.0 19.0 3.0 672.0
71000.0 49919.0 3.0 22.0 2.0 742.0
71100.0 49958.0 2.0 18.0 4.0 706.0
71200.0 50004.0 2.0 16.0 5.0 661.0
71300.0 49984.0 5.0 15.0 2.0 682.0
71400.0 49970.0 2.0 14.0 4.0 698.0
71500.0 50009.0 2.0 14.0 5.0 658.0
71600.0 49939.0 2.0 20.0 5.0 722.0
71700.0 49964.0 3.0 23.0 2.0 696.0
71800.0 49959.0 3.0 17.0 4.0 705.0
71900.0 49984.0 3.0 19.0 2.0 680.0
72000.0 49999.0 6.0 19.0 2.0 662.0
72100.0 49967.0 3.0 20.0 4.0 694.0
72200.0 49938.0 3.0 22.0 1.0 724.0
72300.0 49926.0 1.0 22.0 4.0 735.0
72400.0 49976.0 3.0 20.0 5.0 684.0
72500.0 49992.0 3.0 20.0 3.0 670.0
72600.0 49951.0 3.0 23.0 4.0 707.0
72700.0 49933.0 3.0 18.0 1.0 733.0
72800.0 49943.0 3.0 17.0 4.0 721.0
72900.0 49985.0 5.0 18.0 2.0 678.0
73000.0 50005.0 3.0 22.0 4.0 654.0
73100.0 49985.0 1.0 16.0 0.0 686.0
73200.0 49992.0 3.0 18.0 5.0 670.0
73300.0 49947.0 4.0 18.0 3.0 716.0
73400.0 49977.0 4.0 16.0 1.0 690.0
73500.0 49960.0 2.0 22.0 4.0 700.0
73600.0 49973.0 1.0 21.0 5.0 688.0
73700.0 49974.0 3.0 19.0 3.0 689.0
73800.0 49967.0 4.0 16.0 4.0 697.0
73900.0 49960.0 3.0 16.0 5.0 704.0
74000.0 49982.0 3.0 22.0 4.0 677.0
74100.0 49963.0 4.0 22.0 2.0 697.0
74200.0 49943.0 1.0 15.0 3.0 726.0
74300.0 49939.0 4.0 18.0 3.0 724.0
74400.0 49974.0 4.0 15.0 3.0 692.0
74500.0 49956.0 3.0 17.0 3.0 709.0
74600.0 49952.0 2.0 16.0 4.0 714.0
74700.0 49957.0 2.0 20.0 3.0 706.0
74800.0 49967.0 0.0 19.0 4.0 698.0
74900.0 49953.0 4.0 25.0 1.0 705.0
75000.0 49985.0 4.0 19.0 5.0 675.0
75100.0 49949.0 2.0 19.0 2.0 716.0
75200.0 49961.0 2.0 21.0 5.0 699.0
75300.0 49977.0 3.0 19.0 3.0 686.0
75400.0 49962.0 5.0 19.0 2.0 700.0
75500.0 49943.0 1.0 18.0 5.0 721.0
75600.0 49958.0 2.0 18.0 5.0 705.0
75700.0 49920.0 5.0 22.0 4.0 737.0
75800.0 50005.0 1.0 26.0 3.0 653.0
75900.0 49970.0 3.0 21.0 5.0 689.0
76000.0 49967.0 4.0 16.0 4.0 697.0
76100.0 49992.0 3.0 19.0 4.0 670.0
76200.0 49951.0 2.0 25.0 4.0 706.0
76300.0 49972.0 1.0 15.0 7.0 693.0
76400.0 49961.0 4.0 19.0 4.0 700.0
76500.0 49944.0 1.0 16.0 8.0 719.0
76600.0 49978.0 1.0 23.0 3.0 683.0
76700.0 50020.0 3.0 18.0 4.0 643.0
76800.0 49983.0 5.0 20.0 3.0 677.0
76900.0 49965.0 3.0 21.0 2.0 697.0
77000.0 49936.0 2.0 18.0 3.0 729.0
77100.0 49935.0 4.0 16.0 4.0 729.0
77200.0 49943.0 0.0 23.0 0.0 722.0
77300.0 49939.0 2.0 17.0 3.0 727.0
77400.0 49979.0 0.0 17.0 5.0 687.0
77500.0 49954.0 5.0 18.0 4.0 707.0
77600.0 49999.0 2.0 21.0 4.0 662.0
77700.0 49984.0 2.0 20.0 4.0 678.0
77800.0 49957.0 2.0 8.0 0.0 721.0
77900.0 50009.0 0.0 15.0 1.0 663.0
78000.0 49961.0 4.0 22.0 2.0 699.0
78100.0 49968.0 2.0 16.0 3.0 699.0
78200.0 49956.0 1.0 23.0 4.0 704.0
78300.0 49960.0 3.0 21.0 5.0 699.0
78400.0 49979.0 3.0 14.0 2.0 690.0
78500.0 49995.0 1.0 17.0 6.0 669.0
78600.0 49973.0 2.0 17.0 1.0 695.0
78700.0 49929.0 2.0 24.0 3.0 730.0
78800.0 49968.0 1.0 18.0 3.0 698.0
78900.0 49987.0 4.0 12.0 3.0 682.0
79000.0 49936.0 2.0 16.0 3.0 731.0
79100.0 49950.0 1.0 23.0 4.0 710.0
79200.0 49988.0 4.0 13.0 4.0 679.0
79300.0 49976.0 1.0 15.0 2.0 694.0
79400.0 49963.0 2.0 27.0 3.0 693.0
79500.0 49914.0 3.0 21.0 2.0 748.0
79600.0 49926.0 3.0 22.0 5.0 732.0
79700.0 49955.0 3.0 17.0 4.0 709.0
79800.0 49939.0 5.0 18.0 3.0 723.0
79900.0 49959.0 4.0 19.0 2.0 704.0
80000.0 49940.0 1.0 16.0 2.0 729.0
80100.0 49971.0 4.0 18.0 6.0 689.0
80200.0 49947.0 1.0 17.0 6.0 717.0
80300.0 49944.0 4.0 21.0 4.0 715.0
80400.0 49943.0 3.0 15.0 4.0 723.0
80500.0 49936.0 1.0 14.0 4.0 733.0
80600.0 50002.0 2.0 22.0 6.0 656.0
80700.0 49974.0 4.0 16.0 1.0 693.0
80800.0 49945.0 4.0 17.0 2.0 720.0
80900.0 49986.0 2.0 18.0 4.0 678.0
81000.0 49969.0 1.0 21.0 4.0 693.0
81100.0 49921.0 5.0 19.0 6.0 737.0
81200.0 49940.0 4.0 17.0 4.0 723.0
81300.0 49942.0 3.0 12.0 2.0 729.0
81400.0 49962.0 3.0 19.0 3.0 701.0
81500.0 49911.0 1.0 18.0 1.0 757.0
81600.0 49955.0 1.0 23.0 3.0 706.0
81700.0 49958.0 1.0 18.0 4.0 707.0
81800.0 49920.0 2.0 20.0 4.0 742.0
81900.0 50012.0 3.0 17.0 1.0 655.0
82000.0 49953.0 2.0 19.0 5.0 709.0
82100.0 49954.0 4.0 17.0 4.0 709.0
82200.0 49969.0 3.0 21.0 8.0 687.0
82300.0 49916.0 2.0 22.0 5.0 743.0
82400.0 49951.0 3.0 17.0 2.0 715.0
82500.0 49959.0 1.0 21.0 8.0 699.0
82600.0 49980.0 3.0 19.0 3.0 683.0
82700.0 49959.0 2.0 20.0 0.0 707.0
82800.0 50004.0 2.0 15.0 3.0 664.0
82900.0 49976.0 2.0 15.0 3.0 692.0
83000.0 50003.0 2.0 18.0 3.0 662.0
83100.0 49933.0 4.0 19.0 4.0 728.0
83200.0 49947.0 3.0 20.0 6.0 712.0
83300.0 49985.0 1.0 17.0 5.0 680.0
83400.0 49963.0 1.0 15.0 4.0 705.0
83500.0 49957.0 3.0 18.0 5.0 705.0
83600.0 49965.0 1.0 17.0 5.0 700.0
83700.0 49972.0 0.0 20.0 3.0 693.0
83800.0 49998.0 4.0 16.0 4.0 666.0
83900.0 49976.0 4.0 14.0 2.0 692.0
84000.0 49951.0 1.0 19.0 2.0 715.0
84100.0 49957.0 5.0 20.0 3.0 703.0
84200.0 49933.0 1.0 17.0 8.0 729.0
84300.0 49983.0 4.0 21.0 5.0 675.0
84400.0 49951.0 5.0 15.0 3.0 714.0
84500.0 49961.0 3.0 16.0 4.0 704.0
84600.0 49978.0 1.0 18.0 5.0 686.0
84700.0 49945.0 0.0 20.0 4.0 719.0
84800.0 49926.0 4.0 18.0 3.0 737.0
84900.0 49951.0 3.0 16.0 2.0 716.0
85000.0 49941.0 1.0 22.0 3.0 721.0
85100.0 49961.0 2.0 22.0 3.0 700.0
85200.0 49925.0 1.0 22.0 4.0 736.0
85300.0 49960.0 3.0 24.0 2.0 699.0
85400.0 49956.0 3.0 20.0 2.0 707.0
85500.0 49953.0 0.0 16.0 4.0 715.0
85600.0 49974.0 3.0 19.0 3.0 689.0
85700.0 50010.0 2.0 22.0 6.0 648.0
85800.0 49958.0 2.0 20.0 2.0 706.0
85900.0 49967.0 3.0 19.0 1.0 698.0
86000.0 49923.0 3.0 23.0 5.0 734.0
86100.0 49976.0 2.0 19.0 4.0 687.0
86200.0 49971.0 3.0 19.0 6.0 689.0
86300.0 49897.0 1.0 21.0 1.0 768.0
86400.0 49924.0 3.0 20.0 6.0 735.0
86500.0 49968.0 2.0 15.0 3.0 700.0
86600.0 49941.0 2.0 16.0 4.0 725.0
86700.0 49897.0 3.0 23.0 6.0 759.0
86800.0 49966.0 1.0 16.0 6.0 699.0
86900.0 49971.0 2.0 18.0 3.0 694.0
87000.0 49973.0 3.0 19.0 4.0 689.0
87100.0 49950.0 3.0 16.0 3.0 716.0
87200.0 49933.0 0.0 24.0 5.0 726.0
87300.0 49917.0 4.0 20.0 4.0 743.0
87400.0 49978.0 2.0 23.0 4.0 681.0
87500.0 49946.0 3.0 22.0 4.0 713.0
87600.0 49968.0 2.0 18.0 4.0 696.0
87700.0 49949.0 3.0 19.0 2.0 715.0
87800.0 49983.0 2.0 15.0 3.0 685.0
87900.0 49950.0 4.0 27.0 3.0 704.0
88000.0 49970.0 3.0 15.0 4.0 696.0
88100.0 49968.0 2.0 17.0 5.0 696.0
88200.0 49953.0 1.0 20.0 5.0 709.0
88300.0 49969.0 2.0 14.0 3.0 700.0
88400.0 49960.0 2.0 16.0 3.0 707.0
88500.0 49927.0 4.0 19.0 6.0 732.0
88600.0 49965.0 3.0 17.0 4.0 699.0
88700.0 49964.0 2.0 24.0 3.0 695.0
88800.0 49942.0 0.0 18.0 4.0 724.0
88900.0 49959.0 1.0 17.0 5.0 706.0
89000.0 49980.0 2.0 19.0 2.0 685.0
89100.0 49922.0 2.0 19.0 6.0 739.0
89200.0 50004.0 2.0 12.0 3.0 667.0
89300.0 50000.0 1.0 19.0 4.0 664.0
89400.0 50015.0 3.0 16.0 3.0 651.0
89500.0 49974.0 4.0 21.0 2.0 687.0
89600.0 49965.0 1.0 18.0 4.0 700.0
89700.0 49955.0 3.0 15.0 4.0 711.0
89800.0 49965.0 2.0 14.0 5.0 702.0
89900.0 49964.0 1.0 23.0 2.0 698.0
90000.0 49980.0 4.0 19.0 1.0 684.0
90100.0 49990.0 1.0 20.0 4.0 673.0
90200.0 49996.0 2.0 13.0 3.0 674.0
90300.0 49995.0 0.0 19.0 2.0 672.0
90400.0 49926.0 5.0 19.0 4.0 734.0
90500.0 49982.0 3.0 15.0 5.0 683.0
90600.0 49976.0 1.0 18.0 3.0 690.0
90700.0 49964.0 0.0 19.0 5.0 700.0
90800.0 49995.0 2.0 22.0 4.0 665.0
90900.0 49978.0 2.0 20.0 4.0 684.0
91000.0 49955.0 2.0 18.0 5.0 708.0
91100.0 49969.0 0.0 13.0 4.0 702.0
91200.0 49964.0 1.0 17.0 2.0 704.0
91300.0 49920.0 4.0 22.0 6.0 736.0
91400.0 49938.0 2.0 14.0 3.0 731.0
91500.0 49959.0 1.0 20.0 5.0 703.0
91600.0 49960.0 3.0 16.0 4.0 705.0
91700.0 49935.0 4.0 18.0 5.0 726.0
91800.0 49975.0 2.0 17.0 4.0 690.0
91900.0 49983.0 4.0 16.0 4.0 681.0
92000.0 49952.0 2.0 19.0 6.0 709.0
92100.0 49958.0 3.0 21.0 6.0 700.0
92200.0 49970.0 4.0 18.0 0.0 696.0
92300.0 49944.0 2.0 22.0 3.0 717.0
92400.0 49968.0 0.0 20.0 3.0 697.0
92500.0 49927.0 0.0 21.0 2.0 738.0
92600.0 49956.0 2.0 18.0 3.0 709.0
92700.0 49907.0 4.0 20.0 2.0 755.0
92800.0 49930.0 1.0 14.0 4.0 739.0
92900.0 49966.0 4.0 18.0 5.0 695.0
93000.0 49935.0 3.0 21.0 6.0 723.0
93100.0 49925.0 1.0 17.0 5.0 740.0
93200.0 49959.0 0.0 19.0 3.0 707.0
93300.0 49942.0 3.0 15.0 3.0 725.0
93400.0 49945.0 3.0 17.0 5.0 718.0
93500.0 49976.0 0.0 14.0 2.0 696.0
93600.0 49945.0 1.0 11.0 3.0 728.0
93700.0 49985.0 4.0 16.0 3.0 680.0
93800.0 49944.0 5.0 17.0 3.0 719.0
93900.0 49967.0 0.0 15.0 2.0 704.0
94000.0 49973.0 0.0 12.0 2.0 701.0
94100.0 49940.0 3.0 21.0 5.0 719.0
94200.0 49925.0 2.0 14.0 3.0 744.0
94300.0 49953.0 3.0 20.0 3.0 709.0
94400.0 49988.0 5.0 17.0 2.0 676.0
94500.0 49966.0 0.0 12.0 5.0 705.0
94600.0 49950.0 2.0 21.0 2.0 713.0
94700.0 49938.0 2.0 19.0 2.0 727.0
94800.0 50009.0 1.0 18.0 4.0 656.0
94900.0 49917.0 2.0 23.0 2.0 744.0
95000.0 49967.0 4.0 17.0 6.0 694.0
95100.0 49949.0 4.0 16.0 9.0 710.0
95200.0 49936.0 1.0 19.0 1.0 731.0
95300.0 49950.0 2.0 21.0 2.0 713.0
95400.0 49982.0 1.0 18.0 2.0 685.0
95500.0 49994.0 1.0 15.0 2.0 676.0
95600.0 49992.0 1.0 18.0 3.0 674.0
95700.0 49948.0 3.0 15.0 2.0 720.0
95800.0 49921.0 3.0 19.0 4.0 741.0
95900.0 49959.0 2.0 17.0 3.0 707.0
96000.0 49952.0 1.0 19.0 4.0 712.0
96100.0 49978.0 3.0 23.0 4.0 680.0
96200.0 49949.0 4.0 15.0 2.0 718.0
96300.0 49977.0 3.0 17.0 3.0 688.0
96400.0 50016.0 4.0 14.0 3.0 651.0
96500.0 49943.0 1.0 18.0 3.0 723.0
96600.0 49964.0 2.0 23.0 6.0 693.0
96700.0 49953.0 3.0 22.0 1.0 709.0
96800.0 49933.0 3.0 20.0 1.0 731.0
96900.0 49935.0 3.0 12.0 4.0 734.0
97000.0 49966.0 2.0 22.0 3.0 695.0
97100.0 49932.0 2.0 19.0 5.0 730.0
97200.0 49950.0 6.0 17.0 4.0 711.0
97300.0 49964.0 1.0 19.0 5.0 699.0
97400.0 49962.0 3.0 15.0 3.0 705.0
97500.0 49984.0 4.0 16.0 2.0 682.0
97600.0 49962.0 3.0 22.0 3.0 698.0
97700.0 49968.0 4.0 14.0 4.0 698.0
97800.0 49928.0 2.0 18.0 3.0 737.0
97900.0 49967.0 1.0 18.0 2.0 700.0
98000.0 49933.0 3.0 25.0 1.0 726.0
98100.0 49974.0 2.0 17.0 5.0 690.0
98200.0 49974.0 5.0 13.0 1.0 695.0
98300.0 49965.0 3.0 16.0 2.0 702.0
98400.0 49960.0 1.0 20.0 4.0 703.0
98500.0 49929.0 1.0 22.0 2.0 734.0
98600.0 49957.0 1.0 22.0 2.0 706.0
98700.0 49938.0 2.0 16.0 6.0 726.0
98800.0 49977.0 1.0 17.0 1.0 692.0
98900.0 49941.0 3.0 15.0 3.0 726.0
99000.0 49944.0 4.0 18.0 3.0 719.0
99100.0 49962.0 0.0 18.0 3.0 705.0
99200.0 49939.0 2.0 16.0 4.0 727.0
99300.0 49969.0 3.0 14.0 3.0 699.0
99400.0 49927.0 2.0 18.0 3.0 738.0
99500.0 49911.0 0.0 24.0 2.0 751.0
99600.0 49977.0 4.0 13.0 7.0 687.0
99700.0 49950.0 3.0 17.0 4.0 714.0
99800.0 49930.0 2.0 16.0 2.0 738.0
99900.0 49942.0 2.0 17.0 4.0 723.0
100000.0 49948.0 3.0 20.0 2.0 715.0
