# zlin
-2.220910847330080173e+01
-2.107198877891408983e+01
-1.993486908452737794e+01
-1.879774939014066604e+01
-1.766062969575395414e+01
-1.652351000136724224e+01
-1.538639030698053212e+01
-1.424927061259382022e+01
-1.311215091820710832e+01
-1.197503122382039642e+01
-1.083791152943368452e+01
-9.700791835046972622e+00
-8.563672140660262500e+00
-7.426552446273550601e+00
-6.289432751886838702e+00
-5.152313057500126803e+00
-4.015193363113414904e+00
-2.878073668726703005e+00
-1.740953974339991106e+00
-6.038342799532792071e-01
5.332854144334326918e-01
1.670405108820144591e+00
2.807524803206856490e+00
3.944644497593568389e+00
5.081764191980276735e+00
6.218883886366988634e+00
7.356003580753700533e+00
8.493123275140412431e+00
9.630242969527124330e+00
1.076736266391383623e+01
1.190448235830054813e+01
1.304160205268726003e+01
1.417872174707397193e+01
1.531584144146068382e+01
1.645296113584739572e+01
1.759008083023410762e+01
1.872720052462081952e+01
1.986432021900753142e+01
2.100143991339424332e+01
2.213855960778095522e+01
2.327567930216766712e+01
2.441279899655437902e+01
2.554991869094109092e+01
2.668703838532780281e+01
2.782415807971451471e+01
2.896127777410122661e+01
3.009839746848793851e+01
3.123551716287465041e+01
3.237263685726135520e+01
3.350975655164806710e+01
3.464687624603477900e+01
3.578399594042149090e+01
3.692111563480820280e+01
3.805823532919491470e+01
3.919535502358162660e+01
4.033247471796833850e+01
4.146959441235505039e+01
4.260671410674176229e+01
4.374383380112847419e+01
4.488095349551518609e+01
4.601807318990189799e+01
4.715519288428860989e+01
4.829231257867532179e+01
4.942943227306203369e+01
5.056655196744874559e+01
5.170367166183545748e+01
5.284079135622216938e+01
5.397791105060888128e+01
5.511503074499559318e+01
5.625215043938230508e+01
5.738927013376901698e+01
5.852638982815572888e+01
5.966350952254244078e+01
6.080062921692915268e+01
6.193774891131586458e+01
6.307486860570257647e+01
6.421198830008928837e+01
