# xlin
-4.012497937028120276e+01
-3.896193648998319503e+01
-3.779889360968518730e+01
-3.663585072938718668e+01
-3.547280784908917894e+01
-3.430976496879117121e+01
-3.314672208849316348e+01
-3.198367920819515930e+01
-3.082063632789715513e+01
-2.965759344759914740e+01
-2.849455056730113967e+01
-2.733150768700313549e+01
-2.616846480670512776e+01
-2.500542192640712358e+01
-2.384237904610911585e+01
-2.267933616581111167e+01
-2.151629328551310394e+01
-2.035325040521509621e+01
-1.919020752491709203e+01
-1.802716464461908430e+01
-1.686412176432108012e+01
-1.570107888402307239e+01
-1.453803600372506821e+01
-1.337499312342706048e+01
-1.221195024312905275e+01
-1.104890736283104857e+01
-9.885864482533040842e+00
-8.722821602235036664e+00
-7.559778721937028934e+00
-6.396735841639021203e+00
-5.233692961341020577e+00
-4.070650081043012847e+00
-2.907607200745005116e+00
-1.744564320446997385e+00
-5.815214401489896545e-01
5.815214401490109708e-01
1.744564320447018702e+00
2.907607200745026432e+00
4.070650081043034163e+00
5.233692961341034788e+00
6.396735841639042519e+00
7.559778721937050250e+00
8.722821602235057981e+00
9.885864482533065711e+00
1.104890736283106634e+01
1.221195024312907407e+01
1.337499312342708180e+01
1.453803600372508953e+01
1.570107888402309726e+01
1.686412176432109788e+01
1.802716464461910562e+01
1.919020752491711335e+01
2.035325040521512108e+01
2.151629328551312170e+01
2.267933616581112943e+01
2.384237904610913716e+01
2.500542192640714489e+01
2.616846480670515263e+01
2.733150768700316036e+01
2.849455056730116809e+01
2.965759344759916161e+01
3.082063632789716934e+01
3.198367920819517707e+01
3.314672208849318480e+01
3.430976496879119253e+01
3.547280784908920026e+01
3.663585072938720799e+01
3.779889360968521572e+01
3.896193648998322345e+01
