# xlin
-2.035698113426390066e+01
-1.919380779591132224e+01
-1.803063445755874739e+01
-1.686746111920616897e+01
-1.570428778085359234e+01
-1.454111444250101570e+01
-1.337794110414843729e+01
-1.221476776579586065e+01
-1.105159442744328402e+01
-9.888421089090707383e+00
-8.725247750738130748e+00
-7.562074412385552336e+00
-6.398901074032975700e+00
-5.235727735680399064e+00
-4.072554397327820652e+00
-2.909381058975245793e+00
-1.746207720622667381e+00
-5.830343822700889689e-01
5.801389560824858904e-01
1.743312294435064302e+00
2.906485632787639162e+00
4.069658971140217574e+00
5.232832309492795986e+00
6.396005647845370845e+00
7.559178986197949257e+00
8.722352324550527669e+00
9.885525662903102528e+00
1.104869900125568094e+01
1.221187233960825935e+01
1.337504567796083776e+01
1.453821901631340907e+01
1.570139235466598748e+01
1.686456569301856590e+01
1.802773903137114431e+01
1.919091236972372272e+01
2.035408570807629403e+01
2.151725904642887244e+01
2.268043238478145085e+01
2.384360572313402926e+01
2.500677906148660767e+01
2.616995239983917898e+01
2.733312573819175739e+01
2.849629907654433580e+01
2.965947241489691422e+01
3.082264575324949263e+01
3.198581909160207104e+01
3.314899242995464590e+01
3.431216576830722431e+01
3.547533910665980272e+01
3.663851244501238114e+01
3.780168578336495955e+01
3.896485912171752375e+01
4.012803246007010216e+01
4.129120579842268057e+01
4.245437913677525898e+01
4.361755247512783740e+01
4.478072581348041581e+01
4.594389915183299422e+01
4.710707249018557263e+01
4.827024582853813683e+01
4.943341916689071525e+01
5.059659250524329366e+01
5.175976584359587207e+01
5.292293918194845048e+01
5.408611252030102889e+01
5.524928585865360731e+01
5.641245919700618572e+01
5.757563253535876413e+01
5.873880587371134254e+01
