# xlin
-2.036925259659999909e+01
-1.920572356368695566e+01
-1.804219453077391222e+01
-1.687866549786086878e+01
-1.571513646494782535e+01
-1.455160743203478191e+01
-1.338807839912173847e+01
-1.222454936620869503e+01
-1.106102033329565160e+01
-9.897491300382608159e+00
-8.733962267469564722e+00
-7.570433234556521285e+00
-6.406904201643477847e+00
-5.243375168730434410e+00
-4.079846135817390973e+00
-2.916317102904347536e+00
-1.752788069991304098e+00
-5.892590370782606612e-01
5.742699958347827760e-01
1.737799028747826213e+00
2.901328061660869650e+00
4.064857094573913088e+00
5.228386127486956525e+00
6.391915160399999962e+00
7.555444193313043399e+00
8.718973226226086837e+00
9.882502259139130274e+00
1.104603129205217371e+01
1.220956032496521715e+01
1.337308935787826414e+01
1.453661839079130402e+01
1.570014742370434391e+01
1.686367645661739090e+01
1.802720548953043789e+01
1.919073452244347777e+01
2.035426355535651766e+01
2.151779258826956465e+01
2.268132162118261164e+01
2.384485065409565152e+01
2.500837968700869141e+01
2.617190871992173840e+01
2.733543775283478539e+01
2.849896678574782527e+01
2.966249581866086515e+01
3.082602485157391214e+01
3.198955388448695913e+01
3.315308291739999902e+01
3.431661195031303890e+01
3.548014098322608589e+01
3.664367001613913288e+01
3.780719904905217277e+01
3.897072808196521265e+01
4.013425711487825964e+01
4.129778614779130663e+01
4.246131518070434652e+01
4.362484421361738640e+01
4.478837324653043339e+01
4.595190227944348038e+01
4.711543131235652737e+01
4.827896034526956015e+01
4.944248937818260714e+01
5.060601841109565413e+01
5.176954744400868691e+01
5.293307647692173390e+01
5.409660550983478089e+01
5.526013454274782788e+01
5.642366357566087487e+01
5.758719260857390765e+01
5.875072164148695464e+01
