# xlin
-4.012253325494589973e+01
-3.895956127654167034e+01
-3.779658929813744095e+01
-3.663361731973321156e+01
-3.547064534132898217e+01
-3.430767336292475278e+01
-3.314470138452052339e+01
-3.198172940611629400e+01
-3.081875742771206461e+01
-2.965578544930783522e+01
-2.849281347090360583e+01
-2.732984149249937644e+01
-2.616686951409515061e+01
-2.500389753569092122e+01
-2.384092555728669183e+01
-2.267795357888246244e+01
-2.151498160047823305e+01
-2.035200962207400366e+01
-1.918903764366977427e+01
-1.802606566526554488e+01
-1.686309368686131549e+01
-1.570012170845708610e+01
-1.453714973005285671e+01
-1.337417775164862732e+01
-1.221120577324440148e+01
-1.104823379484017210e+01
-9.885261816435942706e+00
-8.722289838031713316e+00
-7.559317859627483926e+00
-6.396345881223254537e+00
-5.233373902819025147e+00
-4.070401924414795758e+00
-2.907429946010566368e+00
-1.744457967606336979e+00
-5.814859892021075893e-01
5.814859892021218002e-01
1.744457967606351190e+00
2.907429946010580579e+00
4.070401924414809969e+00
5.233373902819039358e+00
6.396345881223268748e+00
7.559317859627498137e+00
8.722289838031727527e+00
9.885261816435956916e+00
1.104823379484018631e+01
1.221120577324441570e+01
1.337417775164864508e+01
1.453714973005287447e+01
1.570012170845709676e+01
1.686309368686132615e+01
1.802606566526555554e+01
1.918903764366978493e+01
2.035200962207401432e+01
2.151498160047824371e+01
2.267795357888247310e+01
2.384092555728670249e+01
2.500389753569093187e+01
2.616686951409516126e+01
2.732984149249939065e+01
2.849281347090362004e+01
2.965578544930784943e+01
3.081875742771207882e+01
3.198172940611630821e+01
3.314470138452053760e+01
3.430767336292476699e+01
3.547064534132899638e+01
3.663361731973322577e+01
3.779658929813745516e+01
3.895956127654168455e+01
