# xlin
-2.021141573239999900e+01
-1.905246167938405577e+01
-1.789350762636811254e+01
-1.673455357335217286e+01
-1.557559952033622963e+01
-1.441664546732028640e+01
-1.325769141430434495e+01
-1.209873736128840349e+01
-1.093978330827246026e+01
-9.780829255256517030e+00
-8.621875202240575575e+00
-7.462921149224634121e+00
-6.303967096208690890e+00
-5.145013043192747659e+00
-3.986058990176807981e+00
-2.827104937160864750e+00
-1.668150884144921520e+00
-5.091968311289782889e-01
6.497572218869649419e-01
1.808711274902904620e+00
2.967665327918847851e+00
4.126619380934791081e+00
5.285573433950730760e+00
6.444527486966673990e+00
7.603481539982617221e+00
8.762435592998560452e+00
9.921389646014503683e+00
1.108034369903044336e+01
1.223929775204638304e+01
1.339825180506232982e+01
1.455720585807826950e+01
1.571615991109421628e+01
1.687511396411015596e+01
1.803406801712609564e+01
1.919302207014204242e+01
2.035197612315798210e+01
2.151093017617392888e+01
2.266988422918986856e+01
2.382883828220580824e+01
2.498779233522175502e+01
2.614674638823769470e+01
2.730570044125363438e+01
2.846465449426958116e+01
2.962360854728552084e+01
3.078256260030146052e+01
3.194151665331740730e+01
3.310047070633334698e+01
3.425942475934929377e+01
3.541837881236523344e+01
3.657733286538117312e+01
3.773628691839711990e+01
3.889524097141305958e+01
4.005419502442900637e+01
4.121314907744494604e+01
4.237210313046088572e+01
4.353105718347683251e+01
4.469001123649276508e+01
4.584896528950871186e+01
4.700791934252465865e+01
4.816687339554060543e+01
4.932582744855653800e+01
5.048478150157248479e+01
5.164373555458843157e+01
5.280268960760436414e+01
5.396164366062031092e+01
5.512059771363625771e+01
5.627955176665219028e+01
5.743850581966813706e+01
5.859745987268408385e+01
