# zlin
-2.220978400015269827e+01
-2.107264675961306111e+01
-1.993550951907342750e+01
-1.879837227853379034e+01
-1.766123503799415317e+01
-1.652409779745451601e+01
-1.538696055691488063e+01
-1.424982331637524524e+01
-1.311268607583560808e+01
-1.197554883529597092e+01
-1.083841159475633553e+01
-9.701274354216700146e+00
-8.564137113677062985e+00
-7.426999873137425823e+00
-6.289862632597790437e+00
-5.152725392058155052e+00
-4.015588151518517890e+00
-2.878450910978880728e+00
-1.741313670439243566e+00
-6.041764298996099569e-01
5.329608106400272050e-01
1.670098051179664367e+00
2.807235291719297976e+00
3.944372532258935138e+00
5.081509772798572300e+00
6.218647013338209462e+00
7.355784253877846623e+00
8.492921494417480233e+00
9.630058734957117395e+00
1.076719597549675100e+01
1.190433321603638817e+01
1.304147045657602533e+01
1.417860769711566249e+01
1.531574493765529965e+01
1.645288217819493681e+01
1.759001941873457397e+01
1.872715665927421114e+01
1.986429389981384119e+01
2.100143114035347836e+01
2.213856838089311552e+01
2.327570562143275268e+01
2.441284286197238984e+01
2.554998010251202700e+01
2.668711734305166416e+01
2.782425458359129422e+01
2.896139182413093138e+01
3.009852906467056854e+01
3.123566630521020571e+01
3.237280354574984642e+01
3.350994078628947648e+01
3.464707802682912074e+01
3.578421526736875080e+01
3.692135250790839507e+01
3.805848974844802513e+01
3.919562698898765518e+01
4.033276422952729945e+01
4.146990147006692951e+01
4.260703871060657377e+01
4.374417595114620383e+01
4.488131319168584810e+01
4.601845043222547815e+01
4.715558767276512242e+01
4.829272491330475248e+01
4.942986215384439674e+01
5.056699939438402680e+01
5.170413663492365686e+01
5.284127387546330112e+01
5.397841111600293118e+01
5.511554835654257545e+01
5.625268559708220550e+01
5.738982283762184977e+01
5.852696007816147983e+01
5.966409731870112410e+01
6.080123455924075415e+01
6.193837179978038421e+01
6.307550904032002848e+01
6.421264628085965853e+01
