# xlin
-2.020352227549949831e+01
-1.904479701834458183e+01
-1.788607176118966535e+01
-1.672734650403474888e+01
-1.556862124687982885e+01
-1.440989598972491237e+01
-1.325117073256999589e+01
-1.209244547541507764e+01
-1.093372021826016116e+01
-9.774994961105244684e+00
-8.616269703950326431e+00
-7.457544446795409954e+00
-6.298819189640493477e+00
-5.140093932485575223e+00
-3.981368675330656970e+00
-2.822643418175740493e+00
-1.663918161020824016e+00
-5.051929038659075388e-01
6.535323532890089382e-01
1.812257610443928968e+00
2.970982867598845445e+00
4.129708124753761922e+00
5.288433381908678399e+00
6.447158639063594876e+00
7.605883896218511353e+00
8.764609153373431383e+00
9.923334410528347860e+00
1.108205966768326434e+01
1.224078492483818437e+01
1.339951018199309729e+01
1.455823543914801732e+01
1.571696069630293024e+01
1.687568595345785027e+01
1.803441121061277030e+01
1.919313646776768323e+01
2.035186172492260326e+01
2.151058698207751618e+01
2.266931223923243621e+01
2.382803749638735624e+01
2.498676275354226917e+01
2.614548801069718920e+01
2.730421326785210212e+01
2.846293852500702215e+01
2.962166378216194218e+01
3.078038903931685510e+01
3.193911429647177513e+01
3.309783955362668451e+01
3.425656481078161164e+01
3.541529006793652457e+01
3.657401532509143749e+01
3.773274058224636462e+01
3.889146583940127755e+01
4.005019109655619047e+01
4.120891635371110340e+01
4.236764161086603053e+01
4.352636686802094346e+01
4.468509212517587059e+01
4.584381738233078352e+01
4.700254263948569644e+01
4.816126789664062358e+01
4.931999315379553650e+01
5.047871841095044942e+01
5.163744366810536235e+01
5.279616892526028948e+01
5.395489418241520241e+01
5.511361943957011533e+01
5.627234469672504247e+01
5.743106995387995539e+01
5.858979521103486832e+01
