# zlin
-2.220570192350909977e+01
-2.106867071093608246e+01
-1.993163949836306514e+01
-1.879460828579004783e+01
-1.765757707321703407e+01
-1.652054586064401320e+01
-1.538351464807099944e+01
-1.424648343549798213e+01
-1.310945222292496481e+01
-1.197242101035194750e+01
-1.083538979777893019e+01
-9.698358585205914650e+00
-8.561327372632897337e+00
-7.424296160059880023e+00
-6.287264947486864486e+00
-5.150233734913847172e+00
-4.013202522340829859e+00
-2.876171309767812545e+00
-1.739140097194795231e+00
-6.021088846217779178e-01
5.349223279512393958e-01
1.671953540524253157e+00
2.808984753097270470e+00
3.946015965670287784e+00
5.083047178243305098e+00
6.220078390816322411e+00
7.357109603389339725e+00
8.494140815962357038e+00
9.631172028535370799e+00
1.076820324110839167e+01
1.190523445368140543e+01
1.304226566625442629e+01
1.417929687882744005e+01
1.531632809140045381e+01
1.645335930397347468e+01
1.759039051654648844e+01
1.872742172911950931e+01
1.986445294169252307e+01
2.100148415426554394e+01
2.213851536683855770e+01
2.327554657941157856e+01
2.441257779198459232e+01
2.554960900455760608e+01
2.668664021713062695e+01
2.782367142970364071e+01
2.896070264227666158e+01
3.009773385484967534e+01
3.123476506742269621e+01
3.237179627999570641e+01
3.350882749256872728e+01
3.464585870514174815e+01
3.578288991771475480e+01
3.691992113028777567e+01
3.805695234286079653e+01
3.919398355543381740e+01
4.033101476800682406e+01
4.146804598057984492e+01
4.260507719315286579e+01
4.374210840572588666e+01
4.487913961829889331e+01
4.601617083087191418e+01
4.715320204344493504e+01
4.829023325601795591e+01
4.942726446859096257e+01
5.056429568116398343e+01
5.170132689373700430e+01
5.283835810631001095e+01
5.397538931888303182e+01
5.511242053145605269e+01
5.624945174402907355e+01
5.738648295660208021e+01
5.852351416917510107e+01
5.966054538174812194e+01
6.079757659432112860e+01
6.193460780689414946e+01
6.307163901946717033e+01
6.420867023204019119e+01
