# zlin
-4.378739302794839716e+01
-4.265005814410557861e+01
-4.151272326026276716e+01
-4.037538837641994860e+01
-3.923805349257713715e+01
-3.810071860873431859e+01
-3.696338372489150714e+01
-3.582604884104868859e+01
-3.468871395720587714e+01
-3.355137907336305858e+01
-3.241404418952024002e+01
-3.127670930567742857e+01
-3.013937442183461002e+01
-2.900203953799179857e+01
-2.786470465414898001e+01
-2.672736977030616501e+01
-2.559003488646335001e+01
-2.445270000262053500e+01
-2.331536511877772000e+01
-2.217803023493490500e+01
-2.104069535109208999e+01
-1.990336046724927144e+01
-1.876602558340645643e+01
-1.762869069956364143e+01
-1.649135581572082643e+01
-1.535402093187801142e+01
-1.421668604803519642e+01
-1.307935116419238142e+01
-1.194201628034956286e+01
-1.080468139650675141e+01
-9.667346512663932856e+00
-8.530011628821121406e+00
-7.392676744978302850e+00
-6.255341861135484294e+00
-5.118006977292672843e+00
-3.980672093449854287e+00
-2.843337209607042837e+00
-1.706002325764224281e+00
-5.686674419214128307e-01
5.686674419214057252e-01
1.706002325764217176e+00
2.843337209607035732e+00
3.980672093449854287e+00
5.118006977292665738e+00
6.255341861135484294e+00
7.392676744978295744e+00
8.530011628821114300e+00
9.667346512663925751e+00
1.080468139650674431e+01
1.194201628034956286e+01
1.307935116419237431e+01
1.421668604803519287e+01
1.535402093187800432e+01
1.649135581572082287e+01
1.762869069956363433e+01
1.876602558340645288e+01
1.990336046724927144e+01
2.104069535109208289e+01
2.217803023493489434e+01
2.331536511877772000e+01
2.445270000262053145e+01
2.559003488646334290e+01
2.672736977030615435e+01
2.786470465414898001e+01
2.900203953799179146e+01
3.013937442183460291e+01
3.127670930567742857e+01
3.241404418952024002e+01
3.355137907336305148e+01
3.468871395720586293e+01
3.582604884104868859e+01
3.696338372489150004e+01
3.810071860873431149e+01
3.923805349257713715e+01
4.037538837641994860e+01
4.151272326026276005e+01
4.265005814410557150e+01
