# zlin
-2.203719061927349898e+01
-2.090453632517105120e+01
-1.977188203106859987e+01
-1.863922773696615209e+01
-1.750657344286370076e+01
-1.637391914876125298e+01
-1.524126485465880343e+01
-1.410861056055635387e+01
-1.297595626645390432e+01
-1.184330197235145476e+01
-1.071064767824900521e+01
-9.577993384146555655e+00
-8.445339090044107877e+00
-7.312684795941658322e+00
-6.180030501839208767e+00
-5.047376207736757436e+00
-3.914721913634309658e+00
-2.782067619531861880e+00
-1.649413325429410548e+00
-5.167590313269627700e-01
6.158952627754885611e-01
1.748549556877936340e+00
2.881203850980387671e+00
4.013858145082835449e+00
5.146512439185283228e+00
6.279166733287734559e+00
7.411821027390182337e+00
8.544475321492633668e+00
9.677129615595081447e+00
1.080978390969753278e+01
1.194243820379998411e+01
1.307509249790242833e+01
1.420774679200487967e+01
1.534040108610733100e+01
1.647305538020977522e+01
1.760570967431222655e+01
1.873836396841467788e+01
1.987101826251712922e+01
2.100367255661957344e+01
2.213632685072202477e+01
2.326898114482447610e+01
2.440163543892692033e+01
2.553428973302937166e+01
2.666694402713182299e+01
2.779959832123427432e+01
2.893225261533671855e+01
3.006490690943916988e+01
3.119756120354162121e+01
3.233021549764406188e+01
3.346286979174651322e+01
3.459552408584896455e+01
3.572817837995141588e+01
3.686083267405386721e+01
3.799348696815631854e+01
3.912614126225876987e+01
4.025879555636122120e+01
4.139144985046365832e+01
4.252410414456610965e+01
4.365675843866856098e+01
4.478941273277101232e+01
4.592206702687346365e+01
4.705472132097590077e+01
4.818737561507835210e+01
4.932002990918080343e+01
5.045268420328325476e+01
5.158533849738570609e+01
5.271799279148815742e+01
5.385064708559060875e+01
5.498330137969304587e+01
5.611595567379549720e+01
5.724860996789794854e+01
5.838126426200039987e+01
5.951391855610285120e+01
6.064657285020530253e+01
6.177922714430775386e+01
6.291188143841019098e+01
6.404453573251264231e+01
