# zlin
-2.204881785330000099e+01
-2.091586155312597484e+01
-1.978290525295194868e+01
-1.864994895277792253e+01
-1.751699265260389637e+01
-1.638403635242987022e+01
-1.525108005225584584e+01
-1.411812375208181969e+01
-1.298516745190779353e+01
-1.185221115173376738e+01
-1.071925485155974123e+01
-9.586298551385715072e+00
-8.453342251211690694e+00
-7.320385951037664540e+00
-6.187429650863638386e+00
-5.054473350689612232e+00
-3.921517050515586078e+00
-2.788560750341559924e+00
-1.655604450167533770e+00
-5.226481499935076158e-01
6.103081501805185383e-01
1.743264450354544692e+00
2.876220750528570846e+00
4.009177050702597001e+00
5.142133350876619602e+00
6.275089651050645756e+00
7.408045951224671910e+00
8.541002251398698064e+00
9.673958551572724218e+00
1.080691485174675392e+01
1.193987115192077653e+01
1.307282745209480623e+01
1.420578375226882883e+01
1.533874005244285144e+01
1.647169635261688114e+01
1.760465265279090374e+01
1.873760895296493345e+01
1.987056525313895605e+01
2.100352155331298576e+01
2.213647785348700836e+01
2.326943415366103807e+01
2.440239045383506067e+01
2.553534675400909038e+01
2.666830305418311298e+01
2.780125935435714268e+01
2.893421565453116528e+01
3.006717195470519499e+01
3.120012825487921759e+01
3.233308455505324019e+01
3.346604085522726990e+01
3.459899715540129250e+01
3.573195345557532221e+01
3.686490975574934481e+01
3.799786605592337452e+01
3.913082235609739712e+01
4.026377865627142683e+01
4.139673495644544943e+01
4.252969125661947913e+01
4.366264755679350884e+01
4.479560385696752434e+01
4.592856015714155404e+01
4.706151645731558375e+01
4.819447275748961346e+01
4.932742905766362895e+01
5.046038535783765866e+01
5.159334165801168837e+01
5.272629795818570386e+01
5.385925425835973357e+01
5.499221055853376328e+01
5.612516685870779298e+01
5.725812315888180848e+01
5.839107945905583819e+01
5.952403575922986789e+01
6.065699205940389760e+01
6.178994835957791310e+01
6.292290465975194280e+01
6.405586095992597961e+01
