# gamma d2min std
3.999999999999949776e-03 6.608446901021938213e-01 4.321560800609171027e-01
6.000000000000005329e-03 6.591811741082702625e-01 4.316007613390592246e-01
8.000000000000060882e-03 6.723815447443181048e-01 4.537314579224014377e-01
9.999999999999955105e-03 6.566358186770044902e-01 4.256682817441044264e-01
1.200000000000001066e-02 6.558887372573389829e-01 4.545769484918405490e-01
1.400000000000006621e-02 6.664464164101956412e-01 4.695387821513656856e-01
1.599999999999995870e-02 6.657821449554134352e-01 4.526028894871431674e-01
1.800000000000001599e-02 6.778960470604483701e-01 4.852754519288920432e-01
2.000000000000006981e-02 6.753531001361269270e-01 4.703172357924530478e-01
2.199999999999996403e-02 6.812239583274146693e-01 4.945175889514443202e-01
2.400000000000002132e-02 6.850124667791193112e-01 5.060291360149081763e-01
2.600000000000007513e-02 6.825308700086805125e-01 5.119256904238181916e-01
2.799999999999996936e-02 6.942185224984217529e-01 5.308440225345520957e-01
3.000000000000002665e-02 6.934201220288825906e-01 5.120058390298195539e-01
3.200000000000007699e-02 6.951085344164299462e-01 5.181680458169479753e-01
3.399999999999998163e-02 7.003588313782354025e-01 5.539461314296416639e-01
3.600000000000003197e-02 7.083306489464963329e-01 5.276214783468730074e-01
3.799999999999992273e-02 7.087284927438447513e-01 5.485811800504811764e-01
3.999999999999998002e-02 7.134968293600064682e-01 5.591330946168566740e-01
4.200000000000003730e-02 7.240765894195865249e-01 5.783426222142714623e-01
4.399999999999992806e-02 7.330495249999999796e-01 6.025072027088023141e-01
4.599999999999998535e-02 7.383753571417298600e-01 6.107599332201697484e-01
4.800000000000004263e-02 7.456671428997001527e-01 6.243777473205885942e-01
4.999999999999993339e-02 7.479257395044190959e-01 5.974609913853804466e-01
5.199999999999999067e-02 7.631879971729009782e-01 6.782475144208376383e-01
5.400000000000004796e-02 7.614080338226010269e-01 6.721328002240520849e-01
5.599999999999993872e-02 7.723760058159722108e-01 6.457655233434477227e-01
5.799999999999999600e-02 7.980923818339645814e-01 7.170658605532103103e-01
6.000000000000005329e-02 7.959058955748895547e-01 7.020706962712223165e-01
6.199999999999994404e-02 8.188800909978692921e-01 7.682724914582097497e-01
6.400000000000000133e-02 8.191391597912720535e-01 7.930968211247019228e-01
6.600000000000004474e-02 8.378811146740845484e-01 7.954567642631080737e-01
6.799999999999996325e-02 8.597982113103693758e-01 8.390580498010040689e-01
6.999999999999999278e-02 8.756771630070233625e-01 8.707381826280831127e-01
7.200000000000006395e-02 8.799731499309501048e-01 9.062371400522870601e-01
7.399999999999995470e-02 8.858726409367109200e-01 9.024244889560514293e-01
7.600000000000001199e-02 9.264432925189393098e-01 9.956866292980739441e-01
7.800000000000006928e-02 9.488121260179924743e-01 1.055918758186257467e+00
7.999999999999996003e-02 9.759691469992898272e-01 1.187361810479739210e+00
8.200000000000001732e-02 1.004729929016729972e+00 1.301010757105826920e+00
8.400000000000007461e-02 1.026867731565656694e+00 1.288804246485801386e+00
8.599999999999996536e-02 1.057385972648358319e+00 1.372879014936827291e+00
8.800000000000002265e-02 1.091753743787484243e+00 1.489875722074404996e+00
9.000000000000009381e-02 1.135477230944207605e+00 1.566424541554716665e+00
9.199999999999997069e-02 1.148596198741319574e+00 1.647887329838170434e+00
9.400000000000002798e-02 1.214123743432370395e+00 1.797015580693713810e+00
9.599999999999991873e-02 1.266029104241634951e+00 1.836620107171708316e+00
9.799999999999997602e-02 1.308920954916351187e+00 1.902974165966970332e+00
1.000000000000000333e-01 1.341666954391572020e+00 1.937622431395280342e+00
1.020000000000000906e-01 1.399378536943655327e+00 2.083038891995932396e+00
1.039999999999999813e-01 1.430007753192077180e+00 2.130958689954331131e+00
1.060000000000000386e-01 1.506538676517124253e+00 2.270981459734647601e+00
1.079999999999999294e-01 1.634563890175189105e+00 2.534654005302660273e+00
1.099999999999999867e-01 1.756115822672032589e+00 2.727414933539934250e+00
1.120000000000000440e-01 1.907738933524700364e+00 3.190388642899335103e+00
1.139999999999999347e-01 1.973415344714725350e+00 3.271189502423170303e+00
1.159999999999999920e-01 2.044602041692313410e+00 3.445615442468656031e+00
1.180000000000000493e-01 2.198379179265309347e+00 3.853990872381963584e+00
1.199999999999999400e-01 2.698196455591066467e+00 5.066407515437335363e+00
1.219999999999999973e-01 4.457219071075994243e+00 1.016712825628958683e+01
1.240000000000000546e-01 5.482201225808869260e+00 1.375084580732378825e+01
1.259999999999999454e-01 6.089605726343512160e+00 1.576239639687896421e+01
1.280000000000000027e-01 6.589311405900804886e+00 1.719761783382890385e+01
1.300000000000000877e-01 6.886819834698547638e+00 1.799249420619742779e+01
1.319999999999999507e-01 7.056842541317471351e+00 1.855437950594989616e+01
1.340000000000000080e-01 7.243484888709359915e+00 1.905779669119585051e+01
1.360000000000000653e-01 7.385598641611426096e+00 1.931293286405304954e+01
1.379999999999999283e-01 7.546526507853930532e+00 1.981166970526617988e+01
1.399999999999999856e-01 7.720326535901987697e+00 2.026178033926497335e+01
1.420000000000000706e-01 7.974234510248974672e+00 2.085690832960896302e+01
1.439999999999999614e-01 8.111801319657512721e+00 2.112143646879294323e+01
1.460000000000000187e-01 8.227865631352587528e+00 2.142245631373782189e+01
1.480000000000000759e-01 8.405302318690813124e+00 2.193632616683606074e+01
1.499999999999999667e-01 8.593187356457150372e+00 2.232737791688886375e+01
1.520000000000000240e-01 8.743771077324021590e+00 2.269330429113064085e+01
1.540000000000000813e-01 9.008565845669586736e+00 2.352598989574470423e+01
1.559999999999999720e-01 9.177375855786378267e+00 2.397493112255800796e+01
1.580000000000000571e-01 9.319902079316603860e+00 2.427203807584367468e+01
1.600000000000000588e-01 9.374071196490293190e+00 2.436333494290008161e+01
1.619999999999999774e-01 9.600758028815498335e+00 2.506222035136917015e+01
1.640000000000000346e-01 9.792698175203204514e+00 2.567518039087940451e+01
1.659999999999999531e-01 9.956985416062973826e+00 2.601330614287601861e+01
1.679999999999999549e-01 1.028156048192077066e+01 2.687209397871390593e+01
1.700000000000000400e-01 1.050921889756549810e+01 2.745978967080792188e+01
1.720000000000000973e-01 1.069750805507220548e+01 2.795230586151230057e+01
1.739999999999999880e-01 1.084124221951151945e+01 2.830706504150858294e+01
1.760000000000000453e-01 1.102744230319010477e+01 2.879220940086534952e+01
1.779999999999999361e-01 1.119981319161339961e+01 2.914930389675510725e+01
1.799999999999999933e-01 1.137644439118134621e+01 2.967475732756092199e+01
1.820000000000000506e-01 1.153717977526041771e+01 3.007253891275497892e+01
1.840000000000001079e-01 1.167621286529553259e+01 3.048304907123718976e+01
1.859999999999999987e-01 1.190174971044231356e+01 3.108183155541315656e+01
1.880000000000000560e-01 1.219355886953519708e+01 3.189982389857582135e+01
1.900000000000000300e-01 1.249191420713581024e+01 3.271282951354219648e+01
1.920000000000000040e-01 1.265659073519175770e+01 3.319228333561992628e+01
1.940000000000000613e-01 1.283941437929292739e+01 3.371783792703398319e+01
1.960000000000000353e-01 1.309100406280776241e+01 3.439107369256985436e+01
1.980000000000000093e-01 1.323076920226483821e+01 3.465108657465544439e+01
2.000000000000000666e-01 1.337837231241911340e+01 3.512016540205937787e+01
