# xlin
-2.020075743497190146e+01
-1.904211231812109872e+01
-1.788346720127029954e+01
-1.672482208441949680e+01
-1.556617696756869407e+01
-1.440753185071789311e+01
-1.324888673386709215e+01
-1.209024161701628941e+01
-1.093159650016548845e+01
-9.772951383314687490e+00
-8.614306266463884754e+00
-7.455661149613083793e+00
-6.297016032762282833e+00
-5.138370915911480097e+00
-3.979725799060677360e+00
-2.821080682209878177e+00
-1.662435565359075440e+00
-5.037904485082727035e-01
6.548546683425264803e-01
1.813499785193329217e+00
2.972144902044131953e+00
4.130790018894931137e+00
5.289435135745733874e+00
6.448080252596536610e+00
7.606725369447335794e+00
8.765370486298138530e+00
9.924015603148941267e+00
1.108266071999974400e+01
1.224130583685054674e+01
1.339995095370134592e+01
1.455859607055214511e+01
1.571724118740295140e+01
1.687588630425375058e+01
1.803453142110454976e+01
1.919317653795535605e+01
2.035182165480615524e+01
2.151046677165695442e+01
2.266911188850776071e+01
2.382775700535855989e+01
2.498640212220935908e+01
2.614504723906016537e+01
2.730369235591096455e+01
2.846233747276176373e+01
2.962098258961257002e+01
3.077962770646336921e+01
3.193827282331416839e+01
3.309691794016497113e+01
3.425556305701577742e+01
3.541420817386656950e+01
3.657285329071737578e+01
3.773149840756818207e+01
3.889014352441898836e+01
4.004878864126978044e+01
4.120743375812058673e+01
4.236607887497139302e+01
4.352472399182218510e+01
4.468336910867299139e+01
4.584201422552378347e+01
4.700065934237458976e+01
4.815930445922539604e+01
4.931794957607618812e+01
5.047659469292699441e+01
5.163523980977780070e+01
5.279388492662859278e+01
5.395253004347939907e+01
5.511117516033020536e+01
5.626982027718099744e+01
5.742846539403180373e+01
5.858711051088261001e+01
