# xlin
-4.012047975317400272e+01
-3.895756729656026351e+01
-3.779465483994652431e+01
-3.663174238333278510e+01
-3.546882992671904589e+01
-3.430591747010530668e+01
-3.314300501349156747e+01
-3.198009255687782826e+01
-3.081718010026408905e+01
-2.965426764365034984e+01
-2.849135518703661063e+01
-2.732844273042287142e+01
-2.616553027380913221e+01
-2.500261781719539300e+01
-2.383970536058165379e+01
-2.267679290396791458e+01
-2.151388044735417537e+01
-2.035096799074043616e+01
-1.918805553412669695e+01
-1.802514307751295775e+01
-1.686223062089921854e+01
-1.569931816428547933e+01
-1.453640570767174012e+01
-1.337349325105800091e+01
-1.221058079444426170e+01
-1.104766833783052249e+01
-9.884755881216783280e+00
-8.721843424603044070e+00
-7.558930967989304861e+00
-6.396018511375565652e+00
-5.233106054761826442e+00
-4.070193598148087233e+00
-2.907281141534348023e+00
-1.744368684920608814e+00
-5.814562283068696047e-01
5.814562283068696047e-01
1.744368684920608814e+00
2.907281141534348023e+00
4.070193598148087233e+00
5.233106054761826442e+00
6.396018511375565652e+00
7.558930967989304861e+00
8.721843424603044070e+00
9.884755881216783280e+00
1.104766833783052249e+01
1.221058079444426170e+01
1.337349325105800091e+01
1.453640570767174012e+01
1.569931816428547933e+01
1.686223062089921854e+01
1.802514307751295775e+01
1.918805553412669695e+01
2.035096799074043616e+01
2.151388044735417537e+01
2.267679290396791458e+01
2.383970536058165379e+01
2.500261781719539300e+01
2.616553027380913221e+01
2.732844273042287142e+01
2.849135518703661063e+01
2.965426764365034984e+01
3.081718010026408905e+01
3.198009255687782826e+01
3.314300501349156747e+01
3.430591747010530668e+01
3.546882992671904589e+01
3.663174238333278510e+01
3.779465483994652431e+01
3.895756729656026351e+01
