# ylin
-4.379135645217380102e+01
-4.265391862224721109e+01
-4.151648079232061406e+01
-4.037904296239402413e+01
-3.924160513246743420e+01
-3.810416730254084428e+01
-3.696672947261424724e+01
-3.582929164268765732e+01
-3.469185381276106739e+01
-3.355441598283447036e+01
-3.241697815290788043e+01
-3.127954032298128695e+01
-3.014210249305469347e+01
-2.900466466312810354e+01
-2.786722683320151006e+01
-2.672978900327492013e+01
-2.559235117334832665e+01
-2.445491334342173317e+01
-2.331747551349514325e+01
-2.218003768356854977e+01
-2.104259985364195984e+01
-1.990516202371536636e+01
-1.876772419378877288e+01
-1.763028636386218295e+01
-1.649284853393558947e+01
-1.535541070400899599e+01
-1.421797287408240607e+01
-1.308053504415581259e+01
-1.194309721422921911e+01
-1.080565938430262918e+01
-9.668221554376039251e+00
-8.530783724449442218e+00
-7.393345894522852291e+00
-6.255908064596262363e+00
-5.118470234669665331e+00
-3.981032404743075404e+00
-2.843594574816485476e+00
-1.706156744889888444e+00
-5.687189149632985163e-01
5.687189149632914109e-01
1.706156744889881338e+00
2.843594574816478371e+00
3.981032404743068298e+00
5.118470234669658225e+00
6.255908064596255258e+00
7.393345894522845185e+00
8.530783724449435113e+00
9.668221554376032145e+00
1.080565938430262207e+01
1.194309721422921200e+01
1.308053504415580903e+01
1.421797287408239896e+01
1.535541070400898889e+01
1.649284853393558592e+01
1.763028636386217585e+01
1.876772419378876577e+01
1.990516202371536281e+01
2.104259985364194563e+01
2.218003768356854266e+01
2.331747551349513969e+01
2.445491334342172252e+01
2.559235117334831955e+01
2.672978900327491658e+01
2.786722683320149940e+01
2.900466466312809644e+01
3.014210249305469347e+01
3.127954032298127629e+01
3.241697815290787332e+01
3.355441598283447036e+01
3.469185381276105318e+01
3.582929164268765021e+01
3.696672947261424724e+01
3.810416730254083006e+01
3.924160513246742710e+01
4.037904296239402413e+01
4.151648079232060695e+01
4.265391862224720398e+01
