# zlin
-4.378163663498649782e+01
-4.264445126784399065e+01
-4.150726590070148347e+01
-4.037008053355897630e+01
-3.923289516641646912e+01
-3.809570979927396195e+01
-3.695852443213145477e+01
-3.582133906498895470e+01
-3.468415369784644753e+01
-3.354696833070394035e+01
-3.240978296356143318e+01
-3.127259759641892600e+01
-3.013541222927641883e+01
-2.899822686213391165e+01
-2.786104149499140448e+01
-2.672385612784890085e+01
-2.558667076070639368e+01
-2.444948539356388650e+01
-2.331230002642137933e+01
-2.217511465927887571e+01
-2.103792929213636853e+01
-1.990074392499386136e+01
-1.876355855785135418e+01
-1.762637319070884701e+01
-1.648918782356633983e+01
-1.535200245642383621e+01
-1.421481708928132903e+01
-1.307763172213882186e+01
-1.194044635499631468e+01
-1.080326098785381106e+01
-9.666075620711303884e+00
-8.528890253568796709e+00
-7.391704886426289534e+00
-6.254519519283782358e+00
-5.117334152141275183e+00
-3.980148784998768008e+00
-2.842963417856260833e+00
-1.705778050713753657e+00
-5.685926835712535876e-01
5.685926835712535876e-01
1.705778050713760763e+00
2.842963417856267938e+00
3.980148784998775113e+00
5.117334152141282289e+00
6.254519519283789464e+00
7.391704886426296639e+00
8.528890253568803814e+00
9.666075620711310989e+00
1.080326098785381816e+01
1.194044635499631823e+01
1.307763172213882541e+01
1.421481708928133258e+01
1.535200245642383976e+01
1.648918782356634694e+01
1.762637319070885411e+01
1.876355855785136129e+01
1.990074392499386846e+01
2.103792929213636853e+01
2.217511465927887571e+01
2.331230002642138288e+01
2.444948539356389006e+01
2.558667076070639723e+01
2.672385612784890441e+01
2.786104149499141158e+01
2.899822686213391876e+01
3.013541222927642593e+01
3.127259759641893311e+01
3.240978296356144028e+01
3.354696833070394746e+01
3.468415369784645463e+01
3.582133906498896181e+01
3.695852443213146898e+01
3.809570979927397616e+01
3.923289516641648333e+01
4.037008053355899051e+01
4.150726590070148347e+01
4.264445126784399065e+01
