# xlin
-2.035632168518879936e+01
-1.919316746130216700e+01
-1.803001323741553463e+01
-1.686685901352890227e+01
-1.570370478964227345e+01
-1.454055056575564109e+01
-1.337739634186900872e+01
-1.221424211798237813e+01
-1.105108789409574577e+01
-9.887933670209113401e+00
-8.724779446322482812e+00
-7.561625222435850446e+00
-6.398470998549218081e+00
-5.235316774662587491e+00
-4.072162550775956902e+00
-2.909008326889324536e+00
-1.745854103002692170e+00
-5.826998791160598046e-01
5.804543447705725612e-01
1.743608568657201374e+00
2.906762792543833740e+00
4.069917016430466106e+00
5.233071240317098471e+00
6.396225464203730837e+00
7.559379688090363203e+00
8.722533911976992016e+00
9.885688135863624382e+00
1.104884235975025675e+01
1.221199658363688556e+01
1.337515080752352148e+01
1.453830503141015029e+01
1.570145925529678621e+01
1.686461347918341502e+01
1.802776770307004384e+01
1.919092192695667975e+01
2.035407615084330857e+01
2.151723037472994449e+01
2.268038459861657330e+01
2.384353882250320211e+01
2.500669304638983803e+01
2.616984727027646684e+01
2.733300149416310276e+01
2.849615571804973158e+01
2.965930994193636039e+01
3.082246416582299631e+01
3.198561838970962512e+01
3.314877261359626459e+01
3.431192683748288630e+01
3.547508106136952222e+01
3.663823528525615814e+01
3.780138950914277984e+01
3.896454373302941576e+01
4.012769795691605168e+01
4.129085218080268760e+01
4.245400640468930931e+01
4.361716062857594522e+01
4.478031485246256693e+01
4.594346907634920285e+01
4.710662330023583877e+01
4.826977752412246048e+01
4.943293174800909640e+01
5.059608597189573231e+01
5.175924019578236823e+01
5.292239441966898994e+01
5.408554864355562586e+01
5.524870286744226178e+01
5.641185709132888348e+01
5.757501131521551940e+01
5.873816553910215532e+01
