# xlin
-2.035241730276829841e+01
-1.918937624938660846e+01
-1.802633519600491852e+01
-1.686329414262322857e+01
-1.570025308924153862e+01
-1.453721203585984867e+01
-1.337417098247815872e+01
-1.221112992909646877e+01
-1.104808887571477882e+01
-9.885047822333088874e+00
-8.722006768951398925e+00
-7.558965715569708976e+00
-6.395924662188019028e+00
-5.232883608806329079e+00
-4.069842555424639130e+00
-2.906801502042949181e+00
-1.743760448661259232e+00
-5.807193952795692837e-01
5.823216581021206650e-01
1.745362711483810614e+00
2.908403764865500563e+00
4.071444818247190511e+00
5.234485871628880460e+00
6.397526925010570409e+00
7.560567978392260358e+00
8.723609031773950306e+00
9.886650085155640255e+00
1.104969113853733020e+01
1.221273219191902015e+01
1.337577324530071010e+01
1.453881429868240005e+01
1.570185535206409000e+01
1.686489640544577995e+01
1.802793745882746990e+01
1.919097851220915985e+01
2.035401956559084979e+01
2.151706061897253974e+01
2.268010167235422969e+01
2.384314272573591964e+01
2.500618377911760959e+01
2.616922483249929954e+01
2.733226588588098949e+01
2.849530693926267944e+01
2.965834799264436938e+01
3.082138904602605933e+01
3.198443009940774928e+01
3.314747115278943568e+01
3.431051220617112563e+01
3.547355325955281558e+01
3.663659431293450552e+01
3.779963536631619547e+01
3.896267641969788542e+01
4.012571747307957537e+01
4.128875852646126532e+01
4.245179957984295527e+01
4.361484063322464522e+01
4.477788168660633517e+01
4.594092273998802511e+01
4.710396379336971506e+01
4.826700484675140501e+01
4.943004590013309496e+01
5.059308695351478491e+01
5.175612800689647486e+01
5.291916906027816481e+01
5.408221011365985476e+01
5.524525116704154470e+01
5.640829222042323465e+01
5.757133327380492460e+01
5.873437432718661455e+01
