# zlin
-4.377988778367259926e+01
-4.264274784123954731e+01
-4.150560789880648827e+01
-4.036846795637343632e+01
-3.923132801394038438e+01
-3.809418807150732533e+01
-3.695704812907427339e+01
-3.581990818664121434e+01
-3.468276824420816240e+01
-3.354562830177511046e+01
-3.240848835934205141e+01
-3.127134841690899947e+01
-3.013420847447594397e+01
-2.899706853204288848e+01
-2.785992858960983654e+01
-2.672278864717678104e+01
-2.558564870474372555e+01
-2.444850876231067005e+01
-2.331136881987761456e+01
-2.217422887744456261e+01
-2.103708893501150712e+01
-1.989994899257845162e+01
-1.876280905014539968e+01
-1.762566910771234419e+01
-1.648852916527928869e+01
-1.535138922284623320e+01
-1.421424928041317770e+01
-1.307710933798012576e+01
-1.193996939554707026e+01
-1.080282945311401477e+01
-9.665689510680962826e+00
-8.528549568247903778e+00
-7.391409625814851836e+00
-6.254269683381799894e+00
-5.117129740948740846e+00
-3.979989798515688904e+00
-2.842849856082629856e+00
-1.705709913649577913e+00
-5.685699712165259712e-01
5.685699712165330766e-01
1.705709913649585019e+00
2.842849856082636961e+00
3.979989798515696009e+00
5.117129740948747951e+00
6.254269683381799894e+00
7.391409625814858941e+00
8.528549568247910884e+00
9.665689510680969931e+00
1.080282945311402187e+01
1.193996939554707382e+01
1.307710933798013286e+01
1.421424928041318481e+01
1.535138922284624385e+01
1.648852916527929580e+01
1.762566910771234774e+01
1.876280905014540679e+01
1.989994899257845873e+01
2.103708893501151778e+01
2.217422887744456972e+01
2.331136881987762166e+01
2.444850876231067360e+01
2.558564870474372555e+01
2.672278864717679170e+01
2.785992858960984364e+01
2.899706853204289558e+01
3.013420847447594753e+01
3.127134841690899947e+01
3.240848835934206562e+01
3.354562830177511756e+01
3.468276824420816951e+01
3.581990818664122145e+01
3.695704812907427339e+01
3.809418807150733954e+01
3.923132801394039149e+01
4.036846795637344343e+01
4.150560789880649537e+01
4.264274784123954731e+01
