# xlin
-2.035978416865379970e+01
-1.919652958292760303e+01
-1.803327499720140636e+01
-1.687002041147520970e+01
-1.570676582574900948e+01
-1.454351124002281281e+01
-1.338025665429661615e+01
-1.221700206857041771e+01
-1.105374748284422104e+01
-9.890492897118024374e+00
-8.727238311391825931e+00
-7.563983725665629265e+00
-6.400729139939432599e+00
-5.237474554213234157e+00
-4.074219968487035715e+00
-2.910965382760839049e+00
-1.747710797034642383e+00
-5.844562113084457167e-01
5.787983744177509493e-01
1.742052960143951168e+00
2.905307545870147834e+00
4.068562131596344500e+00
5.231816717322541166e+00
6.395071303048737832e+00
7.558325888774934498e+00
8.721580474501134717e+00
9.884835060227331383e+00
1.104808964595352805e+01
1.221134423167972827e+01
1.337459881740592138e+01
1.453785340313212160e+01
1.570110798885831471e+01
1.686436257458451493e+01
1.802761716031071515e+01
1.919087174603690826e+01
2.035412633176310848e+01
2.151738091748930159e+01
2.268063550321550181e+01
2.384389008894170203e+01
2.500714467466789515e+01
2.617039926039409536e+01
2.733365384612028848e+01
2.849690843184648870e+01
2.966016301757268891e+01
3.082341760329888203e+01
3.198667218902508225e+01
3.314992677475127891e+01
3.431318136047747203e+01
3.547643594620366514e+01
3.663969053192987246e+01
3.780294511765606558e+01
3.896619970338225869e+01
4.012945428910846601e+01
4.129270887483465913e+01
4.245596346056085224e+01
4.361921804628705956e+01
4.478247263201325268e+01
4.594572721773944579e+01
4.710898180346563890e+01
4.827223638919184623e+01
4.943549097491803934e+01
5.059874556064423246e+01
5.176200014637042557e+01
5.292525473209663289e+01
5.408850931782282601e+01
5.525176390354901912e+01
5.641501848927522644e+01
5.757827307500141956e+01
5.874152766072761267e+01
