# ylin
-4.378980804610539934e+01
-4.265241043451824510e+01
-4.151501282293109085e+01
-4.037761521134393661e+01
-3.924021759975678947e+01
-3.810281998816963522e+01
-3.696542237658248098e+01
-3.582802476499532673e+01
-3.469062715340817249e+01
-3.355322954182102535e+01
-3.241583193023386400e+01
-3.127843431864671686e+01
-3.014103670705956262e+01
-2.900363909547240837e+01
-2.786624148388525413e+01
-2.672884387229810343e+01
-2.559144626071094919e+01
-2.445404864912379495e+01
-2.331665103753664425e+01
-2.217925342594949001e+01
-2.104185581436233576e+01
-1.990445820277518507e+01
-1.876706059118803083e+01
-1.762966297960087658e+01
-1.649226536801372589e+01
-1.535486775642657165e+01
-1.421747014483941740e+01
-1.308007253325226316e+01
-1.194267492166511246e+01
-1.080527731007796177e+01
-9.667879698490807527e+00
-8.530482086903653283e+00
-7.393084475316499038e+00
-6.255686863729344793e+00
-5.118289252142190549e+00
-3.980891640555036304e+00
-2.843494028967889165e+00
-1.706096417380734920e+00
-5.686988057935806751e-01
5.686988057935735696e-01
1.706096417380727814e+00
2.843494028967882059e+00
3.980891640555029198e+00
5.118289252142183443e+00
6.255686863729337688e+00
7.393084475316491933e+00
8.530482086903646177e+00
9.667879698490800422e+00
1.080527731007794756e+01
1.194267492166510181e+01
1.308007253325225605e+01
1.421747014483941030e+01
1.535486775642656454e+01
1.649226536801371878e+01
1.762966297960087303e+01
1.876706059118802017e+01
1.990445820277517441e+01
2.104185581436232866e+01
2.217925342594947580e+01
2.331665103753663715e+01
2.445404864912378429e+01
2.559144626071094564e+01
2.672884387229809278e+01
2.786624148388525413e+01
2.900363909547240127e+01
3.014103670705954841e+01
3.127843431864670976e+01
3.241583193023385689e+01
3.355322954182101824e+01
3.469062715340816538e+01
3.582802476499532673e+01
3.696542237658247387e+01
3.810281998816962101e+01
3.924021759975678236e+01
4.037761521134392950e+01
4.151501282293109085e+01
4.265241043451823799e+01
