# ylin
-4.379175674844770327e+01
-4.265430852121529881e+01
-4.151686029398288724e+01
-4.037941206675048278e+01
-3.924196383951807121e+01
-3.810451561228566675e+01
-3.696706738505325518e+01
-3.582961915782085072e+01
-3.469217093058843915e+01
-3.355472270335603469e+01
-3.241727447612362312e+01
-3.127982624889121865e+01
-3.014237802165881064e+01
-2.900492979442640262e+01
-2.786748156719399461e+01
-2.673003333996158659e+01
-2.559258511272917858e+01
-2.445513688549677056e+01
-2.331768865826436254e+01
-2.218024043103195453e+01
-2.104279220379954651e+01
-1.990534397656713850e+01
-1.876789574933473048e+01
-1.763044752210232247e+01
-1.649299929486991800e+01
-1.535555106763750999e+01
-1.421810284040510197e+01
-1.308065461317269396e+01
-1.194320638594028594e+01
-1.080575815870787437e+01
-9.668309931475469909e+00
-8.530861704243058341e+00
-7.393413477010653878e+00
-6.255965249778249415e+00
-5.118517022545837847e+00
-3.981068795313433384e+00
-2.843620568081021815e+00
-1.706172340848617353e+00
-5.687241136162057842e-01
5.687241136161986788e-01
1.706172340848610247e+00
2.843620568081014710e+00
3.981068795313426278e+00
5.118517022545830741e+00
6.255965249778242310e+00
7.393413477010646773e+00
8.530861704243058341e+00
9.668309931475462804e+00
1.080575815870786727e+01
1.194320638594027884e+01
1.308065461317268330e+01
1.421810284040509487e+01
1.535555106763749933e+01
1.649299929486991090e+01
1.763044752210231536e+01
1.876789574933472693e+01
1.990534397656713139e+01
2.104279220379954296e+01
2.218024043103195453e+01
2.331768865826435189e+01
2.445513688549676345e+01
2.559258511272917502e+01
2.673003333996158659e+01
2.786748156719398395e+01
2.900492979442639552e+01
3.014237802165880709e+01
3.127982624889120444e+01
3.241727447612361601e+01
3.355472270335602758e+01
3.469217093058843915e+01
3.582961915782083651e+01
3.696706738505324807e+01
3.810451561228565964e+01
3.924196383951807121e+01
4.037941206675046857e+01
4.151686029398288014e+01
4.265430852121529171e+01
