# xlin
-2.020925820640000126e+01
-1.905036669036811858e+01
-1.789147517433623236e+01
-1.673258365830434968e+01
-1.557369214227246346e+01
-1.441480062624058078e+01
-1.325590911020869633e+01
-1.209701759417681188e+01
-1.093812607814492743e+01
-9.779234562113042983e+00
-8.620343046081158533e+00
-7.461451530049274083e+00
-6.302560014017391410e+00
-5.143668497985506960e+00
-3.984776981953622510e+00
-2.825885465921736284e+00
-1.666993949889853610e+00
-5.081024338579709365e-01
6.507890821739152898e-01
1.809680598205797963e+00
2.968572114237684190e+00
4.127463630269566863e+00
5.286355146301453090e+00
6.445246662333335763e+00
7.604138178365218437e+00
8.763029694397104663e+00
9.921921210428987337e+00
1.108081272646087356e+01
1.223970424249275624e+01
1.339859575852464246e+01
1.455748727455652869e+01
1.571637879058840781e+01
1.687527030662029404e+01
1.803416182265218026e+01
1.919305333868405938e+01
2.035194485471594561e+01
2.151083637074783184e+01
2.266972788677971806e+01
2.382861940281159718e+01
2.498751091884348341e+01
2.614640243487536964e+01
2.730529395090724876e+01
2.846418546693913498e+01
2.962307698297102121e+01
3.078196849900290744e+01
3.194086001503478656e+01
3.309975153106667278e+01
3.425864304709855901e+01
3.541753456313043813e+01
3.657642607916232436e+01
3.773531759519421058e+01
3.889420911122609681e+01
4.005310062725797593e+01
4.121199214328986216e+01
4.237088365932174838e+01
4.352977517535363461e+01
4.468866669138551373e+01
4.584755820741739996e+01
4.700644972344928618e+01
4.816534123948117241e+01
4.932423275551305863e+01
5.048312427154493065e+01
5.164201578757681688e+01
5.280090730360870310e+01
5.395979881964058933e+01
5.511869033567247556e+01
5.627758185170436178e+01
5.743647336773624801e+01
5.859536488376812002e+01
