# xlin
-2.035522612144119847e+01
-1.919210365302551224e+01
-1.802898118460982602e+01
-1.686585871619413979e+01
-1.570273624777845001e+01
-1.453961377936276378e+01
-1.337649131094707755e+01
-1.221336884253138955e+01
-1.105024637411570332e+01
-9.887123905700017090e+00
-8.724001437284329086e+00
-7.560878968868642858e+00
-6.397756500452956629e+00
-5.234634032037268625e+00
-4.071511563621580621e+00
-2.908389095205894392e+00
-1.745266626790208164e+00
-5.821441583745219361e-01
5.809783100411642920e-01
1.744100778456854073e+00
2.907223246872540301e+00
4.070345715288226529e+00
5.233468183703912757e+00
6.396590652119598985e+00
7.559713120535285213e+00
8.722835588950974994e+00
9.885958057366661222e+00
1.104908052578234745e+01
1.221220299419803723e+01
1.337532546261372346e+01
1.453844793102940969e+01
1.570157039944509592e+01
1.686469286786078214e+01
1.802781533627646837e+01
1.919093780469215460e+01
2.035406027310784083e+01
2.151718274152352706e+01
2.268030520993921328e+01
2.384342767835490662e+01
2.500655014677059285e+01
2.616967261518627907e+01
2.733279508360196530e+01
2.849591755201765153e+01
2.965904002043333776e+01
3.082216248884902399e+01
3.198528495726471021e+01
3.314840742568039644e+01
3.431152989409608267e+01
3.547465236251176890e+01
3.663777483092746223e+01
3.780089729934314846e+01
3.896401976775883469e+01
4.012714223617452092e+01
4.129026470459020715e+01
4.245338717300589337e+01
4.361650964142157960e+01
4.477963210983727294e+01
4.594275457825295206e+01
4.710587704666864539e+01
4.826899951508432451e+01
4.943212198350001785e+01
5.059524445191569697e+01
5.175836692033139030e+01
5.292148938874706943e+01
5.408461185716276276e+01
5.524773432557845609e+01
5.641085679399413522e+01
5.757397926240982855e+01
5.873710173082550767e+01
