# xlin
-4.012337658362690007e+01
-3.896038016091307554e+01
-3.779738373819925101e+01
-3.663438731548543359e+01
-3.547139089277160906e+01
-3.430839447005778453e+01
-3.314539804734396000e+01
-3.198240162463013547e+01
-3.081940520191631450e+01
-2.965640877920249352e+01
-2.849341235648866899e+01
-2.733041593377484446e+01
-2.616741951106101993e+01
-2.500442308834719896e+01
-2.384142666563337443e+01
-2.267843024291955345e+01
-2.151543382020572892e+01
-2.035243739749190439e+01
-1.918944097477808342e+01
-1.802644455206425889e+01
-1.686344812935043791e+01
-1.570045170663661338e+01
-1.453745528392278885e+01
-1.337445886120896787e+01
-1.221146243849514335e+01
-1.104846601578131882e+01
-9.885469593067497840e+00
-8.722473170353673311e+00
-7.559476747639848782e+00
-6.396480324926024252e+00
-5.233483902212206829e+00
-4.070487479498382299e+00
-2.907491056784557770e+00
-1.744494634070733241e+00
-5.814982113569087119e-01
5.814982113569087119e-01
1.744494634070733241e+00
2.907491056784557770e+00
4.070487479498382299e+00
5.233483902212206829e+00
6.396480324926024252e+00
7.559476747639848782e+00
8.722473170353673311e+00
9.885469593067497840e+00
1.104846601578132237e+01
1.221146243849514690e+01
1.337445886120896432e+01
1.453745528392278885e+01
1.570045170663661338e+01
1.686344812935043791e+01
1.802644455206426244e+01
1.918944097477807986e+01
2.035243739749190439e+01
2.151543382020572892e+01
2.267843024291955345e+01
2.384142666563337798e+01
2.500442308834720251e+01
2.616741951106101993e+01
2.733041593377485157e+01
2.849341235648866899e+01
2.965640877920248641e+01
3.081940520191631805e+01
3.198240162463013547e+01
3.314539804734396711e+01
3.430839447005778453e+01
3.547139089277160195e+01
3.663438731548543359e+01
3.779738373819925101e+01
3.896038016091308265e+01
