# xlin
-2.036184674507549985e+01
-1.919853237452548456e+01
-1.803521800397547281e+01
-1.687190363342545751e+01
-1.570858926287544222e+01
-1.454527489232542692e+01
-1.338196052177541340e+01
-1.221864615122539988e+01
-1.105533178067538458e+01
-9.892017410125369281e+00
-8.728703039575355760e+00
-7.565388669025342239e+00
-6.402074298475326941e+00
-5.238759927925311644e+00
-4.075445557375299899e+00
-2.912131186825284601e+00
-1.748816816275269304e+00
-5.855024457252540060e-01
5.778119248247612916e-01
1.741126295374773036e+00
2.904440665924788334e+00
4.067755036474803632e+00
5.231069407024815376e+00
6.394383777574830674e+00
7.557698148124845972e+00
8.721012518674861269e+00
9.884326889224876567e+00
1.104764125977488831e+01
1.221095563032490006e+01
1.337427000087491891e+01
1.453758437142493065e+01
1.570089874197494950e+01
1.686421311252496125e+01
1.802752748307497299e+01
1.919084185362499184e+01
2.035415622417500359e+01
2.151747059472502244e+01
2.268078496527503418e+01
2.384409933582504593e+01
2.500741370637506478e+01
2.617072807692507652e+01
2.733404244747508827e+01
2.849735681802510712e+01
2.966067118857511886e+01
3.082398555912513061e+01
3.198729992967514946e+01
3.315061430022515765e+01
3.431392867077518360e+01
3.547724304132519535e+01
3.664055741187520709e+01
3.780387178242521884e+01
3.896718615297523058e+01
4.013050052352525654e+01
4.129381489407526828e+01
4.245712926462528003e+01
4.362044363517529177e+01
4.478375800572530352e+01
4.594707237627532947e+01
4.711038674682534122e+01
4.827370111737535296e+01
4.943701548792536471e+01
5.060032985847537645e+01
5.176364422902540241e+01
5.292695859957541415e+01
5.409027297012542590e+01
5.525358734067543764e+01
5.641690171122544939e+01
5.758021608177547535e+01
5.874353045232548709e+01
