# xlin
-2.036370061331529868e+01
-1.920033250745398590e+01
-1.803696440159267311e+01
-1.687359629573136033e+01
-1.571022818987004754e+01
-1.454686008400873476e+01
-1.338349197814742020e+01
-1.222012387228610741e+01
-1.105675576642479463e+01
-9.893387660563481845e+00
-8.730019554702169060e+00
-7.566651448840856276e+00
-6.403283342979541715e+00
-5.239915237118228930e+00
-4.076547131256916146e+00
-2.913179025395603361e+00
-1.749810919534290576e+00
-5.864428136729777918e-01
5.769252921883349927e-01
1.740293398049647777e+00
2.903661503910960562e+00
4.067029609772273346e+00
5.230397715633586131e+00
6.393765821494898915e+00
7.557133927356215253e+00
8.720502033217528037e+00
9.883870139078840822e+00
1.104723824494015361e+01
1.221060635080146639e+01
1.337397445666277562e+01
1.453734256252409196e+01
1.570071066838540119e+01
1.686407877424671753e+01
1.802744688010803387e+01
1.919081498596934310e+01
2.035418309183065944e+01
2.151755119769196867e+01
2.268091930355328500e+01
2.384428740941459424e+01
2.500765551527591057e+01
2.617102362113721981e+01
2.733439172699853614e+01
2.849775983285984537e+01
2.966112793872116171e+01
3.082449604458247094e+01
3.198786415044378728e+01
3.315123225630509296e+01
3.431460036216641640e+01
3.547796846802772563e+01
3.664133657388903487e+01
3.780470467975035831e+01
3.896807278561166754e+01
4.013144089147297677e+01
4.129480899733428600e+01
4.245817710319560945e+01
4.362154520905691868e+01
4.478491331491822791e+01
4.594828142077953714e+01
4.711164952664084637e+01
4.827501763250216982e+01
4.943838573836347905e+01
5.060175384422478828e+01
5.176512195008609751e+01
5.292849005594742096e+01
5.409185816180873019e+01
5.525522626767003942e+01
5.641859437353136286e+01
5.758196247939267209e+01
5.874533058525398133e+01
