# zlin
-2.220761648299929902e+01
-2.107053554160324893e+01
-1.993345460020719884e+01
-1.879637365881114874e+01
-1.765929271741509865e+01
-1.652221177601904856e+01
-1.538513083462299491e+01
-1.424804989322694482e+01
-1.311096895183089472e+01
-1.197388801043484463e+01
-1.083680706903879454e+01
-9.699726127642742668e+00
-8.562645186246692575e+00
-7.425564244850642481e+00
-6.288483303454590612e+00
-5.151402362058540518e+00
-4.014321420662490425e+00
-2.877240479266440332e+00
-1.740159537870390238e+00
-6.030785964743401451e-01
5.340023449217099483e-01
1.671083286317763594e+00
2.808164227713813688e+00
3.945245169109863781e+00
5.082326110505913874e+00
6.219407051901963968e+00
7.356487993298014061e+00
8.493568934694064154e+00
9.630649876090117800e+00
1.076773081748616789e+01
1.190481175888221799e+01
1.304189270027826808e+01
1.417897364167431817e+01
1.531605458307036827e+01
1.645313552446641836e+01
1.759021646586246845e+01
1.872729740725851855e+01
1.986437834865456864e+01
2.100145929005061873e+01
2.213854023144666883e+01
2.327562117284271892e+01
2.441270211423877612e+01
2.554978305563482621e+01
2.668686399703087631e+01
2.782394493842692640e+01
2.896102587982297649e+01
3.009810682121902659e+01
3.123518776261507668e+01
3.237226870401112677e+01
3.350934964540717687e+01
3.464643058680322696e+01
3.578351152819927705e+01
3.692059246959532715e+01
3.805767341099137724e+01
3.919475435238742733e+01
4.033183529378347743e+01
4.146891623517953462e+01
4.260599717657558472e+01
4.374307811797163481e+01
4.488015905936768490e+01
4.601724000076373500e+01
4.715432094215978509e+01
4.829140188355583518e+01
4.942848282495188528e+01
5.056556376634793537e+01
5.170264470774398546e+01
5.283972564914003556e+01
5.397680659053608565e+01
5.511388753193213574e+01
5.625096847332818584e+01
5.738804941472423593e+01
5.852513035612028602e+01
5.966221129751633612e+01
6.079929223891238621e+01
6.193637318030843630e+01
6.307345412170448640e+01
6.421053506310053649e+01
