# zlin
-4.377606914163580143e+01
-4.263902838471019408e+01
-4.150198762778459383e+01
-4.036494687085898647e+01
-3.922790611393337912e+01
-3.809086535700777176e+01
-3.695382460008217151e+01
-3.581678384315656416e+01
-3.467974308623095681e+01
-3.354270232930535656e+01
-3.240566157237974920e+01
-3.126862081545414540e+01
-3.013158005852854160e+01
-2.899453930160293424e+01
-2.785749854467733044e+01
-2.672045778775172309e+01
-2.558341703082611929e+01
-2.444637627390051549e+01
-2.330933551697490813e+01
-2.217229476004930433e+01
-2.103525400312369698e+01
-1.989821324619809317e+01
-1.876117248927248937e+01
-1.762413173234688202e+01
-1.648709097542127822e+01
-1.535005021849567441e+01
-1.421300946157006706e+01
-1.307596870464446326e+01
-1.193892794771885946e+01
-1.080188719079325210e+01
-9.664846433867644748e+00
-8.527805676942044499e+00
-7.390764920016437145e+00
-6.253724163090829791e+00
-5.116683406165229542e+00
-3.979642649239622187e+00
-2.842601892314014833e+00
-1.705561135388414584e+00
-5.685203784628072299e-01
5.685203784628001245e-01
1.705561135388407479e+00
2.842601892314007728e+00
3.979642649239615082e+00
5.116683406165222436e+00
6.253724163090822685e+00
7.390764920016430040e+00
8.527805676942037394e+00
9.664846433867637643e+00
1.080188719079324500e+01
1.193892794771885235e+01
1.307596870464445260e+01
1.421300946157005995e+01
1.535005021849566731e+01
1.648709097542126756e+01
1.762413173234687491e+01
1.876117248927248227e+01
1.989821324619808252e+01
2.103525400312369698e+01
2.217229476004929722e+01
2.330933551697489747e+01
2.444637627390051193e+01
2.558341703082611218e+01
2.672045778775171243e+01
2.785749854467732689e+01
2.899453930160292714e+01
3.013158005852852739e+01
3.126862081545414185e+01
3.240566157237974210e+01
3.354270232930534235e+01
3.467974308623095681e+01
3.581678384315655705e+01
3.695382460008215730e+01
3.809086535700777176e+01
3.922790611393337201e+01
4.036494687085897226e+01
4.150198762778458672e+01
4.263902838471018697e+01
