# xlin
-2.035698113426390066e+01
-1.919380779591132224e+01
-1.803063445755874739e+01
-1.686746111920616897e+01
-1.570428778085359411e+01
-1.454111444250101570e+01
-1.337794110414843907e+01
-1.221476776579586243e+01
-1.105159442744328580e+01
-9.888421089090709160e+00
-8.725247750738132524e+00
-7.562074412385555888e+00
-6.398901074032977476e+00
-5.235727735680400841e+00
-4.072554397327824205e+00
-2.909381058975249346e+00
-1.746207720622670934e+00
-5.830343822700925216e-01
5.801389560824823377e-01
1.743312294435060750e+00
2.906485632787635609e+00
4.069658971140214021e+00
5.232832309492788880e+00
6.396005647845367292e+00
7.559178986197945704e+00
8.722352324550520564e+00
9.885525662903098976e+00
1.104869900125567383e+01
1.221187233960825225e+01
1.337504567796083066e+01
1.453821901631340197e+01
1.570139235466598038e+01
1.686456569301855879e+01
1.802773903137113720e+01
1.919091236972371561e+01
2.035408570807628692e+01
2.151725904642886533e+01
2.268043238478144374e+01
2.384360572313402216e+01
2.500677906148659346e+01
2.616995239983917187e+01
2.733312573819175029e+01
2.849629907654432870e+01
2.965947241489690711e+01
3.082264575324947842e+01
3.198581909160205683e+01
3.314899242995463169e+01
3.431216576830721010e+01
3.547533910665978851e+01
3.663851244501236692e+01
3.780168578336494534e+01
3.896485912171752375e+01
4.012803246007010216e+01
4.129120579842266636e+01
4.245437913677524477e+01
4.361755247512782319e+01
4.478072581348040160e+01
4.594389915183298001e+01
4.710707249018555842e+01
4.827024582853813683e+01
4.943341916689070104e+01
5.059659250524327945e+01
5.175976584359585786e+01
5.292293918194843627e+01
5.408611252030101468e+01
5.524928585865359310e+01
5.641245919700617151e+01
5.757563253535874992e+01
5.873880587371132833e+01
