# xlin
-2.035874319151010070e+01
-1.919551877903444392e+01
-1.803229436655879070e+01
-1.686906995408313392e+01
-1.570584554160748070e+01
-1.454262112913182392e+01
-1.337939671665616892e+01
-1.221617230418051392e+01
-1.105294789170485892e+01
-9.889723479229203917e+00
-8.726499066753548917e+00
-7.563274654277893916e+00
-6.400050241802237139e+00
-5.236825829326582138e+00
-4.073601416850927137e+00
-2.910377004375273913e+00
-1.747152591899617136e+00
-5.839281794239603585e-01
5.792962330516928660e-01
1.742520645527349643e+00
2.905745058003002868e+00
4.068969470478659645e+00
5.232193882954312869e+00
6.395418295429969646e+00
7.558642707905626423e+00
8.721867120381279648e+00
9.885091532856936425e+00
1.104831594533258965e+01
1.221154035780824643e+01
1.337476477028390320e+01
1.453798918275955288e+01
1.570121359523520965e+01
1.686443800771086643e+01
1.802766242018652321e+01
1.919088683266217998e+01
2.035411124513782966e+01
2.151733565761348643e+01
2.268056007008914321e+01
2.384378448256479999e+01
2.500700889504044966e+01
2.617023330751610644e+01
2.733345771999176321e+01
2.849668213246741999e+01
2.965990654494307677e+01
3.082313095741872644e+01
3.198635536989438322e+01
3.314957978237003999e+01
3.431280419484569677e+01
3.547602860732135355e+01
3.663925301979700322e+01
3.780247743227266000e+01
3.896570184474831677e+01
4.012892625722397355e+01
4.129215066969962322e+01
4.245537508217528000e+01
4.361859949465093678e+01
4.478182390712659355e+01
4.594504831960225033e+01
4.710827273207790711e+01
4.827149714455356388e+01
4.943472155702920645e+01
5.059794596950486323e+01
5.176117038198052001e+01
5.292439479445617678e+01
5.408761920693183356e+01
5.525084361940749034e+01
5.641406803188314711e+01
5.757729244435880389e+01
5.874051685683446067e+01
