# xlin
-4.012004900294930110e+01
-3.895714903184931899e+01
-3.779424906074934398e+01
-3.663134908964936187e+01
-3.546844911854937976e+01
-3.430554914744940476e+01
-3.314264917634942265e+01
-3.197974920524944409e+01
-3.081684923414946553e+01
-2.965394926304948342e+01
-2.849104929194950486e+01
-2.732814932084952630e+01
-2.616524934974954419e+01
-2.500234937864956564e+01
-2.383944940754958708e+01
-2.267654943644960497e+01
-2.151364946534962641e+01
-2.035074949424964785e+01
-1.918784952314966574e+01
-1.802494955204968718e+01
-1.686204958094970863e+01
-1.569914960984972652e+01
-1.453624963874974796e+01
-1.337334966764976940e+01
-1.221044969654978729e+01
-1.104754972544980873e+01
-9.884649754349830175e+00
-8.721749783249851617e+00
-7.558849812149873060e+00
-6.395949841049890949e+00
-5.233049869949908839e+00
-4.070149898849933834e+00
-2.907249927749951723e+00
-1.744349956649969613e+00
-5.814499855499946079e-01
5.814499855499875025e-01
1.744349956649969613e+00
2.907249927749944618e+00
4.070149898849926728e+00
5.233049869949908839e+00
6.395949841049883844e+00
7.558849812149865954e+00
8.721749783249848065e+00
9.884649754349823070e+00
1.104754972544980518e+01
1.221044969654978729e+01
1.337334966764976230e+01
1.453624963874974441e+01
1.569914960984972652e+01
1.686204958094970152e+01
1.802494955204968363e+01
1.918784952314965864e+01
2.035074949424964075e+01
2.151364946534962286e+01
2.267654943644959786e+01
2.383944940754957997e+01
2.500234937864955498e+01
2.616524934974954419e+01
2.732814932084951920e+01
2.849104929194949420e+01
2.965394926304948342e+01
3.081684923414945843e+01
3.197974920524943343e+01
3.314264917634942265e+01
3.430554914744939765e+01
3.546844911854937266e+01
3.663134908964936187e+01
3.779424906074933688e+01
3.895714903184931188e+01
