# ylin
-2.220401417548680101e+01
-2.106702680052659460e+01
-1.993003942556638819e+01
-1.879305205060618178e+01
-1.765606467564597537e+01
-1.651907730068576896e+01
-1.538208992572556255e+01
-1.424510255076535614e+01
-1.310811517580514973e+01
-1.197112780084494332e+01
-1.083414042588473691e+01
-9.697153050924530504e+00
-8.560165675964324095e+00
-7.423178301004117685e+00
-6.286190926043911276e+00
-5.149203551083704866e+00
-4.012216176123498457e+00
-2.875228801163292047e+00
-1.738241426203085638e+00
-6.012540512428792283e-01
5.357333237173271812e-01
1.672720698677533591e+00
2.809708073637740000e+00
3.946695448597946410e+00
5.083682823558152819e+00
6.220670198518359229e+00
7.357657573478565638e+00
8.494644948438772047e+00
9.631632323398978457e+00
1.076861969835918487e+01
1.190560707331939128e+01
1.304259444827959769e+01
1.417958182323980409e+01
1.531656919820001050e+01
1.645355657316021691e+01
1.759054394812042332e+01
1.872753132308062973e+01
1.986451869804083614e+01
2.100150607300104255e+01
2.213849344796124896e+01
2.327548082292145537e+01
2.441246819788166178e+01
2.554945557284186819e+01
2.668644294780207460e+01
2.782343032276228101e+01
2.896041769772248742e+01
3.009740507268269383e+01
3.123439244764290024e+01
3.237137982260310309e+01
3.350836719756331661e+01
3.464535457252351591e+01
3.578234194748372943e+01
3.691932932244392873e+01
3.805631669740414225e+01
3.919330407236434155e+01
4.033029144732455507e+01
4.146727882228475437e+01
4.260426619724495367e+01
4.374125357220516719e+01
4.487824094716538070e+01
4.601522832212558001e+01
4.715221569708577931e+01
4.828920307204599283e+01
4.942619044700620634e+01
5.056317782196640565e+01
5.170016519692660495e+01
5.283715257188681846e+01
5.397413994684703198e+01
5.511112732180723128e+01
5.624811469676743059e+01
5.738510207172764410e+01
5.852208944668785762e+01
5.965907682164805692e+01
6.079606419660825622e+01
6.193305157156846974e+01
6.307003894652868325e+01
6.420702632148888256e+01
