# gamma d2min std
3.999999999999944572e-03 6.653886538016887675e-01 5.074943660947592861e-01
6.000000000000079922e-03 6.641198208550346260e-01 4.964287975397291275e-01
8.000000000000052208e-03 6.676055848248106939e-01 4.926957019698575690e-01
1.000000000000002449e-02 6.718681160649463413e-01 5.303964182114445647e-01
1.199999999999999678e-02 6.810985473701863802e-01 5.616100382872583063e-01
1.399999999999996907e-02 6.833827140940655909e-01 5.391022859274359202e-01
1.599999999999994135e-02 6.852335743746054142e-01 5.610506930590268837e-01
1.800000000000007497e-02 6.969005678089489342e-01 5.902345677164642090e-01
2.000000000000004899e-02 6.915871684205334713e-01 5.924716110439786076e-01
2.200000000000001954e-02 6.962439933120265767e-01 5.754433303327982641e-01
2.399999999999999356e-02 6.961807022372159537e-01 6.167207592880916689e-01
2.599999999999996411e-02 7.091601794191919605e-01 6.198058215090432865e-01
2.799999999999993813e-02 7.135117373776830307e-01 6.343682563822338194e-01
3.000000000000007869e-02 7.247043059106692553e-01 6.457884511113941572e-01
3.200000000000004924e-02 7.311227143130524242e-01 6.513628075698081332e-01
3.400000000000000938e-02 7.279681197107795709e-01 6.371710213291127411e-01
3.599999999999999034e-02 7.266425679154829842e-01 6.407210468276209880e-01
3.799999999999996436e-02 7.390905516374683959e-01 6.973983077907198735e-01
3.999999999999993144e-02 7.532464540660511743e-01 6.981805900947228860e-01
4.200000000000007200e-02 7.711967392440024494e-01 7.160842908768121351e-01
4.400000000000003908e-02 7.718275628235479191e-01 7.554672846146864851e-01
4.600000000000001310e-02 8.026788740333017369e-01 8.472694296257629043e-01
4.799999999999998712e-02 8.127207048098169517e-01 8.699444778928230315e-01
4.999999999999996114e-02 8.346301235420612308e-01 9.700365832322966897e-01
5.199999999999992822e-02 8.579085225359059930e-01 1.025712898773547543e+00
5.400000000000006878e-02 8.596153555358271303e-01 1.058079363033739506e+00
5.600000000000003586e-02 8.838837061237373449e-01 1.101870204129763886e+00
5.800000000000000988e-02 9.076820737610480361e-01 1.153905480557415597e+00
5.999999999999998390e-02 9.122383865096275191e-01 1.182873944579854841e+00
6.199999999999995792e-02 9.426659690873578912e-01 1.212696820363414085e+00
6.399999999999993194e-02 9.486898630089962703e-01 1.169603605856889716e+00
6.600000000000007250e-02 9.627128015447444787e-01 1.173763286531224859e+00
6.800000000000001876e-02 1.000609473125789073e+00 1.273677613068825654e+00
6.999999999999999278e-02 1.037156957802635837e+00 1.368839722376478996e+00
7.199999999999998068e-02 1.066643134047506214e+00 1.571426652676157554e+00
7.399999999999995470e-02 1.101861802704782178e+00 1.636264733467865051e+00
7.599999999999992872e-02 1.137556484649226540e+00 1.698996220210118313e+00
7.800000000000005540e-02 1.147930833382654781e+00 1.684820737685764236e+00
8.000000000000002942e-02 1.170927792073074514e+00 1.704938066254949147e+00
8.200000000000000344e-02 1.241320638859296110e+00 1.830417575116122686e+00
8.399999999999997746e-02 1.296553059949100639e+00 2.005946628913616525e+00
8.599999999999995148e-02 1.371204559603850903e+00 2.141383977736810440e+00
8.799999999999992550e-02 1.405351692556423560e+00 2.188792223678631021e+00
9.000000000000005218e-02 1.456899998916903582e+00 2.287407901975958335e+00
9.200000000000002620e-02 1.516161757615214878e+00 2.465484335886969358e+00
9.400000000000000022e-02 1.593265169537168457e+00 2.610579442845958553e+00
9.599999999999997424e-02 1.636858582763178305e+00 2.659524350504368417e+00
9.799999999999994826e-02 1.692539775159800808e+00 2.744586868335801455e+00
1.000000000000000749e-01 1.770183174788904523e+00 2.843037755071447403e+00
1.020000000000000490e-01 1.830460305681817834e+00 2.966001139023307420e+00
1.040000000000000230e-01 1.896940871575126364e+00 3.044306491466102216e+00
1.059999999999999970e-01 1.972040074003708732e+00 3.167470949141450109e+00
1.079999999999999710e-01 2.093191997427399365e+00 3.373749859378420979e+00
1.099999999999999450e-01 2.238644295079703195e+00 3.547967121297111337e+00
1.120000000000000717e-01 2.369443490865688062e+00 3.806905704444611516e+00
1.140000000000000457e-01 2.505346213877051920e+00 4.075503766487857504e+00
1.160000000000000198e-01 2.729610437594697014e+00 4.549007387470046737e+00
1.179999999999999799e-01 2.908577316416114389e+00 4.923251753831830335e+00
1.199999999999999678e-01 3.125968417939157362e+00 5.305876835081258847e+00
1.219999999999999141e-01 3.327519506226325419e+00 5.666840554483669301e+00
1.240000000000000685e-01 3.534753776734138597e+00 6.052373995230275305e+00
1.260000000000000564e-01 3.908553019260969652e+00 6.774752566208112725e+00
1.280000000000000304e-01 4.256344248173137501e+00 7.406837104229099467e+00
1.300000000000000044e-01 4.468115407623105995e+00 7.913042538550963734e+00
1.319999999999999507e-01 4.707388374988162205e+00 8.391473245039158257e+00
1.340000000000000913e-01 4.963939834081044999e+00 8.859258995111060742e+00
1.360000000000000375e-01 5.296494710278565776e+00 9.617633368548464290e+00
1.380000000000000393e-01 5.520323581802398571e+00 1.006283398069283308e+01
1.400000000000000133e-01 5.770364233763416451e+00 1.050866150480046102e+01
1.419999999999999873e-01 5.949300880758759291e+00 1.092034229931646117e+01
1.439999999999999614e-01 6.106431998727511079e+00 1.114538119740007716e+01
1.459999999999999354e-01 6.326715870618292215e+00 1.157271295263001321e+01
1.480000000000000759e-01 6.596115875301847176e+00 1.211649910529818541e+01
1.500000000000000500e-01 6.873124624798768068e+00 1.272951882352059094e+01
1.520000000000000240e-01 7.122465545628156924e+00 1.320049819978127204e+01
1.539999999999999980e-01 7.343607456405856659e+00 1.356690107069507967e+01
1.559999999999999720e-01 7.552237505129419048e+00 1.384756912037536480e+01
1.580000000000000848e-01 7.694908333285984448e+00 1.420348301110298550e+01
1.600000000000000588e-01 7.857922856088226382e+00 1.455870048812036011e+01
1.620000000000000329e-01 8.015207978399224942e+00 1.477038362726184673e+01
1.640000000000000069e-01 8.156231495231613948e+00 1.502446554619926111e+01
1.659999999999999809e-01 8.369415176233033549e+00 1.544239097160627594e+01
1.679999999999999549e-01 8.507923969629894501e+00 1.560782880418489071e+01
1.699999999999999289e-01 8.526492693978848791e+00 1.562040066737776023e+01
1.720000000000000695e-01 8.717563055125472360e+00 1.601114477177537410e+01
1.740000000000000435e-01 8.839536827367425076e+00 1.621333983181942173e+01
1.760000000000000175e-01 8.970812044556897291e+00 1.635370970747641195e+01
1.779999999999999916e-01 9.111979155149148468e+00 1.654289597920706356e+01
1.799999999999999378e-01 9.248118624877683658e+00 1.676195921654765186e+01
1.820000000000000784e-01 9.407895203405146844e+00 1.704718267628157236e+01
1.840000000000000524e-01 9.612794512932056890e+00 1.749471605384766093e+01
1.860000000000000264e-01 9.773844433579940372e+00 1.772004977668719761e+01
1.880000000000000004e-01 9.917095683130130013e+00 1.792781860180789266e+01
1.899999999999999745e-01 1.010737956606494414e+01 1.833163933362670051e+01
1.919999999999999485e-01 1.037867991723090277e+01 1.875123122783281104e+01
1.940000000000000058e-01 1.060119922579308849e+01 1.912395403408224936e+01
1.960000000000000631e-01 1.071562727953953420e+01 1.924160743769164483e+01
1.980000000000000371e-01 1.098805158941563853e+01 1.969739090783416202e+01
2.000000000000000111e-01 1.125368380159209458e+01 2.005734786263994351e+01
