# zlin
-2.203577170796529927e+01
-2.090315426871736904e+01
-1.977053682946943880e+01
-1.863791939022150856e+01
-1.750530195097358188e+01
-1.637268451172565165e+01
-1.524006707247772141e+01
-1.410744963322979117e+01
-1.297483219398186094e+01
-1.184221475473393070e+01
-1.070959731548600047e+01
-9.576979876238072009e+00
-8.444362436990141774e+00
-7.311744997742211538e+00
-6.179127558494283079e+00
-5.046510119246352843e+00
-3.913892679998422608e+00
-2.781275240750492372e+00
-1.648657801502562137e+00
-5.160403622546319014e-01
6.165770769932983342e-01
1.749194516241225017e+00
2.881811955489155253e+00
4.014429394737085488e+00
5.147046833985015724e+00
6.279664273232945959e+00
7.412281712480876195e+00
8.544899151728806430e+00
9.677516590976733113e+00
1.081013403022466335e+01
1.194275146947259358e+01
1.307536890872052382e+01
1.420798634796845406e+01
1.534060378721638429e+01
1.647322122646431453e+01
1.760583866571224476e+01
1.873845610496017500e+01
1.987107354420810523e+01
2.100369098345603547e+01
2.213630842270396570e+01
2.326892586195189594e+01
2.440154330119981907e+01
2.553416074044774930e+01
2.666677817969567954e+01
2.779939561894360978e+01
2.893201305819154001e+01
3.006463049743947025e+01
3.119724793668740048e+01
3.232986537593532717e+01
3.346248281518326451e+01
3.459510025443118764e+01
3.572771769367912498e+01
3.686033513292704811e+01
3.799295257217498545e+01
3.912557001142290858e+01
4.025818745067084592e+01
4.139080488991876905e+01
4.252342232916670639e+01
4.365603976841462952e+01
4.478865720766256686e+01
4.592127464691048999e+01
4.705389208615842733e+01
4.818650952540635046e+01
4.931912696465428780e+01
5.045174440390221093e+01
5.158436184315013406e+01
5.271697928239807140e+01
5.384959672164599453e+01
5.498221416089393188e+01
5.611483160014185501e+01
5.724744903938979235e+01
5.838006647863771548e+01
5.951268391788565282e+01
6.064530135713357595e+01
6.177791879638151329e+01
6.291053623562943642e+01
6.404315367487737376e+01
