# zlin
-2.221292442226669905e+01
-2.107570561231875672e+01
-1.993848680237081794e+01
-1.880126799242287561e+01
-1.766404918247493327e+01
-1.652683037252699094e+01
-1.538961156257905039e+01
-1.425239275263110983e+01
-1.311517394268316750e+01
-1.197795513273522516e+01
-1.084073632278728461e+01
-9.703517512839344050e+00
-8.566298702891401717e+00
-7.429079892943459384e+00
-6.291861082995518828e+00
-5.154642273047578271e+00
-4.017423463099635939e+00
-2.880204653151693606e+00
-1.742985843203751273e+00
-6.057670332558124926e-01
5.314517766921298403e-01
1.668670586640072173e+00
2.805889396588010953e+00
3.943108206535953286e+00
5.080327016483895619e+00
6.217545826431837952e+00
7.354764636379780285e+00
8.491983446327719065e+00
9.629202256275661398e+00
1.076642106622360373e+01
1.190363987617154251e+01
1.304085868611948840e+01
1.417807749606742718e+01
1.531529630601536596e+01
1.645251511596331184e+01
1.758973392591125062e+01
1.872695273585919651e+01
1.986417154580713529e+01
2.100139035575507407e+01
2.213860916570301995e+01
2.327582797565095873e+01
2.441304678559889751e+01
2.555026559554684340e+01
2.668748440549478218e+01
2.782470321544272096e+01
2.896192202539066685e+01
3.009914083533860563e+01
3.123635964528655151e+01
3.237357845523449384e+01
3.351079726518243262e+01
3.464801607513037141e+01
3.578523488507831019e+01
3.692245369502626318e+01
3.805967250497420196e+01
3.919689131492214074e+01
4.033411012487007952e+01
4.147132893481801830e+01
4.260854774476597129e+01
4.374576655471391007e+01
4.488298536466184885e+01
4.602020417460978763e+01
4.715742298455772641e+01
4.829464179450567940e+01
4.943186060445361818e+01
5.056907941440155696e+01
5.170629822434949574e+01
5.284351703429743452e+01
5.398073584424538751e+01
5.511795465419332629e+01
5.625517346414126507e+01
5.739239227408920385e+01
5.852961108403714263e+01
5.966682989398509562e+01
6.080404870393303440e+01
6.194126751388097318e+01
6.307848632382891196e+01
6.421570513377685074e+01
