# ylin
-2.220953872733529977e+01
-2.107240785751490719e+01
-1.993527698769451817e+01
-1.879814611787412559e+01
-1.766101524805373657e+01
-1.652388437823334399e+01
-1.538675350841295320e+01
-1.424962263859256240e+01
-1.311249176877217160e+01
-1.197536089895178080e+01
-1.083823002913139000e+01
-9.701099159310999198e+00
-8.563968289490606622e+00
-7.426837419670215823e+00
-6.289706549849825024e+00
-5.152575680029436000e+00
-4.015444810209043425e+00
-2.878313940388650849e+00
-1.741183070568261826e+00
-6.040522007478692501e-01
5.330786690725197730e-01
1.670209538892912349e+00
2.807340408713301372e+00
3.944471278533693948e+00
5.081602148354086523e+00
6.218733018174475546e+00
7.355863887994868122e+00
8.492994757815257145e+00
9.630125627635649721e+00
1.076725649745603874e+01
1.190438736727642777e+01
1.304151823709682390e+01
1.417864910691721292e+01
1.531577997673760194e+01
1.645291084655799807e+01
1.759004171637838709e+01
1.872717258619877612e+01
1.986430345601916514e+01
2.100143432583956127e+01
2.213856519565995029e+01
2.327569606548033931e+01
2.441282693530073544e+01
2.554995780512112447e+01
2.668708867494151349e+01
2.782421954476190251e+01
2.896135041458229864e+01
3.009848128440268766e+01
3.123561215422307669e+01
3.237274302404347281e+01
3.350987389386386184e+01
3.464700476368425086e+01
3.578413563350463988e+01
3.692126650332503601e+01
3.805839737314542504e+01
3.919552824296581406e+01
4.033265911278620308e+01
4.146978998260659921e+01
4.260692085242699534e+01
4.374405172224737726e+01
4.488118259206777338e+01
4.601831346188815530e+01
4.715544433170855143e+01
4.829257520152894756e+01
4.942970607134932948e+01
5.056683694116972561e+01
5.170396781099012173e+01
5.284109868081050365e+01
5.397822955063089978e+01
5.511536042045129591e+01
5.625249129027167783e+01
5.738962216009207395e+01
5.852675302991245587e+01
5.966388389973285200e+01
6.080101476955324813e+01
6.193814563937363005e+01
6.307527650919402618e+01
6.421240737901442230e+01
