# xlin
-2.035241730276829841e+01
-1.918937624938660846e+01
-1.802633519600491852e+01
-1.686329414262322857e+01
-1.570025308924153862e+01
-1.453721203585984867e+01
-1.337417098247816050e+01
-1.221112992909647055e+01
-1.104808887571478060e+01
-9.885047822333090650e+00
-8.722006768951400701e+00
-7.558965715569710753e+00
-6.395924662188022580e+00
-5.232883608806332632e+00
-4.069842555424642683e+00
-2.906801502042952734e+00
-1.743760448661262785e+00
-5.807193952795728364e-01
5.823216581021171123e-01
1.745362711483807061e+00
2.908403764865497010e+00
4.071444818247186959e+00
5.234485871628876907e+00
6.397526925010566856e+00
7.560567978392253252e+00
8.723609031773943201e+00
9.886650085155633150e+00
1.104969113853732310e+01
1.221273219191901305e+01
1.337577324530070300e+01
1.453881429868239294e+01
1.570185535206408289e+01
1.686489640544577284e+01
1.802793745882746279e+01
1.919097851220915274e+01
2.035401956559084269e+01
2.151706061897253264e+01
2.268010167235422259e+01
2.384314272573591253e+01
2.500618377911760248e+01
2.616922483249929243e+01
2.733226588588098238e+01
2.849530693926267233e+01
2.965834799264436228e+01
3.082138904602605223e+01
3.198443009940774218e+01
3.314747115278943568e+01
3.431051220617112563e+01
3.547355325955280136e+01
3.663659431293449131e+01
3.779963536631618126e+01
3.896267641969787121e+01
4.012571747307956116e+01
4.128875852646125111e+01
4.245179957984294106e+01
4.361484063322463101e+01
4.477788168660632095e+01
4.594092273998801090e+01
4.710396379336970085e+01
4.826700484675139080e+01
4.943004590013308075e+01
5.059308695351477070e+01
5.175612800689646065e+01
5.291916906027815060e+01
5.408221011365984054e+01
5.524525116704153049e+01
5.640829222042322044e+01
5.757133327380491039e+01
5.873437432718660034e+01
