# xlin
-2.019945676622320008e+01
-1.904084934990803646e+01
-1.788224193359286929e+01
-1.672363451727770567e+01
-1.556502710096254027e+01
-1.440641968464737488e+01
-1.324781226833221126e+01
-1.208920485201704587e+01
-1.093059743570188047e+01
-9.771990019386715076e+00
-8.613382603071549681e+00
-7.454775186756386063e+00
-6.296167770441220668e+00
-5.137560354126055273e+00
-3.978952937810891655e+00
-2.820345521495724483e+00
-1.661738105180560865e+00
-5.031306888653972464e-01
6.554767274497699248e-01
1.814084143764933543e+00
2.972691560080100714e+00
4.131298976395264333e+00
5.289906392710427951e+00
6.448513809025595123e+00
7.607121225340758741e+00
8.765728641655922360e+00
9.924336057971089531e+00
1.108294347428625315e+01
1.224155089060141677e+01
1.340015830691658039e+01
1.455876572323175111e+01
1.571737313954691473e+01
1.687598055586207835e+01
1.803458797217724197e+01
1.919319538849240558e+01
2.035180280480757631e+01
2.151041022112273993e+01
2.266901763743790355e+01
2.382762505375306716e+01
2.498623247006823078e+01
2.614483988638340151e+01
2.730344730269856512e+01
2.846205471901372874e+01
2.962066213532889236e+01
3.077926955164405598e+01
3.193787696795921960e+01
3.309648438427439032e+01
3.425509180058955394e+01
3.541369921690471756e+01
3.657230663321988118e+01
3.773091404953504480e+01
3.888952146585021552e+01
4.004812888216537914e+01
4.120673629848054276e+01
4.236534371479570638e+01
4.352395113111086999e+01
4.468255854742603361e+01
4.584116596374119723e+01
4.699977338005636085e+01
4.815838079637153868e+01
4.931698821268670230e+01
5.047559562900186592e+01
5.163420304531702953e+01
5.279281046163219315e+01
5.395141787794735677e+01
5.511002529426252039e+01
5.626863271057768401e+01
5.742724012689284763e+01
5.858584754320801125e+01
