# xlin
-2.036925259659999909e+01
-1.920572356368695566e+01
-1.804219453077391222e+01
-1.687866549786086878e+01
-1.571513646494782535e+01
-1.455160743203478191e+01
-1.338807839912173669e+01
-1.222454936620869326e+01
-1.106102033329564982e+01
-9.897491300382606383e+00
-8.733962267469562946e+00
-7.570433234556519508e+00
-6.406904201643474295e+00
-5.243375168730430858e+00
-4.079846135817387420e+00
-2.916317102904343983e+00
-1.752788069991300546e+00
-5.892590370782571085e-01
5.742699958347863287e-01
1.737799028747829766e+00
2.901328061660873203e+00
4.064857094573916640e+00
5.228386127486960078e+00
6.391915160400003515e+00
7.555444193313050505e+00
8.718973226226093942e+00
9.882502259139137379e+00
1.104603129205218082e+01
1.220956032496522425e+01
1.337308935787826414e+01
1.453661839079131113e+01
1.570014742370435101e+01
1.686367645661739800e+01
1.802720548953044499e+01
1.919073452244348488e+01
2.035426355535653187e+01
2.151779258826957175e+01
2.268132162118261874e+01
2.384485065409565863e+01
2.500837968700870562e+01
2.617190871992174550e+01
2.733543775283479249e+01
2.849896678574783238e+01
2.966249581866087937e+01
3.082602485157391925e+01
3.198955388448696624e+01
3.315308291740000612e+01
3.431661195031305311e+01
3.548014098322610010e+01
3.664367001613913999e+01
3.780719904905218698e+01
3.897072808196522686e+01
4.013425711487827385e+01
4.129778614779131374e+01
4.246131518070436073e+01
4.362484421361740061e+01
4.478837324653044760e+01
4.595190227944349459e+01
4.711543131235652737e+01
4.827896034526957436e+01
4.944248937818262135e+01
5.060601841109566834e+01
5.176954744400870112e+01
5.293307647692174811e+01
5.409660550983479510e+01
5.526013454274784209e+01
5.642366357566088908e+01
5.758719260857392186e+01
5.875072164148696885e+01
