# ylin
-2.203932510543150158e+01
-2.090661537013755478e+01
-1.977390563484361152e+01
-1.864119589954966472e+01
-1.750848616425572146e+01
-1.637577642896177466e+01
-1.524306669366782785e+01
-1.411035695837388282e+01
-1.297764722307993779e+01
-1.184493748778599276e+01
-1.071222775249204773e+01
-9.579518017198100921e+00
-8.446808281904155891e+00
-7.314098546610210860e+00
-6.181388811316264054e+00
-5.048679076022320800e+00
-3.915969340728373993e+00
-2.783259605434427186e+00
-1.650549870140483932e+00
-5.178401348465371257e-01
6.148696004474061283e-01
1.747579335741352935e+00
2.880289071035299742e+00
4.012998806329242996e+00
5.145708541623189802e+00
6.278418276917136609e+00
7.411128012211079863e+00
8.543837747505026670e+00
9.676547482798973476e+00
1.080925721809291673e+01
1.194196695338685998e+01
1.307467668868081034e+01
1.420738642397475360e+01
1.534009615926869685e+01
1.647280589456264721e+01
1.760551562985659046e+01
1.873822536515053372e+01
1.987093510044448408e+01
2.100364483573842733e+01
2.213635457103237059e+01
2.326906430632631384e+01
2.440177404162026420e+01
2.553448377691420745e+01
2.666719351220815071e+01
2.779990324750210107e+01
2.893261298279604432e+01
3.006532271808998757e+01
3.119803245338393793e+01
3.233074218867788119e+01
3.346345192397182444e+01
3.459616165926577480e+01
3.572887139455971806e+01
3.686158112985366131e+01
3.799429086514761167e+01
3.912700060044155492e+01
4.025971033573549818e+01
4.139242007102944854e+01
4.252512980632339179e+01
4.365783954161733504e+01
4.479054927691127830e+01
4.592325901220522155e+01
4.705596874749917902e+01
4.818867848279312227e+01
4.932138821808706552e+01
5.045409795338100878e+01
5.158680768867495203e+01
5.271951742396889529e+01
5.385222715926283854e+01
5.498493689455679601e+01
5.611764662985073926e+01
5.725035636514468251e+01
5.838306610043862577e+01
5.951577583573256902e+01
6.064848557102651228e+01
6.178119530632046974e+01
6.291390504161441299e+01
6.404661477690835625e+01
