# zlin
-4.377833978312129659e+01
-4.264124004849477245e+01
-4.150414031386824121e+01
-4.036704057924171707e+01
-3.922994084461518582e+01
-3.809284110998866169e+01
-3.695574137536213044e+01
-3.581864164073560630e+01
-3.468154190610907506e+01
-3.354444217148255092e+01
-3.240734243685602678e+01
-3.127024270222949553e+01
-3.013314296760297140e+01
-2.899604323297644015e+01
-2.785894349834991601e+01
-2.672184376372338832e+01
-2.558474402909686063e+01
-2.444764429447033294e+01
-2.331054455984380525e+01
-2.217344482521727755e+01
-2.103634509059074986e+01
-1.989924535596422572e+01
-1.876214562133769803e+01
-1.762504588671117034e+01
-1.648794615208464265e+01
-1.535084641745811496e+01
-1.421374668283158726e+01
-1.307664694820505957e+01
-1.193954721357853543e+01
-1.080244747895200419e+01
-9.665347744325480051e+00
-8.528248009698948806e+00
-7.391148275072424667e+00
-6.254048540445900528e+00
-5.116948805819369284e+00
-3.979849071192845145e+00
-2.842749336566313900e+00
-1.705649601939789761e+00
-5.685498673132585168e-01
5.685498673132656222e-01
1.705649601939796867e+00
2.842749336566321006e+00
3.979849071192845145e+00
5.116948805819376389e+00
6.254048540445900528e+00
7.391148275072431773e+00
8.528248009698955912e+00
9.665347744325487156e+00
1.080244747895201129e+01
1.193954721357853543e+01
1.307664694820506668e+01
1.421374668283159082e+01
1.535084641745812206e+01
1.648794615208464620e+01
1.762504588671117745e+01
1.876214562133770158e+01
1.989924535596422572e+01
2.103634509059075697e+01
2.217344482521728821e+01
2.331054455984380525e+01
2.444764429447033649e+01
2.558474402909686773e+01
2.672184376372339898e+01
2.785894349834991601e+01
2.899604323297644726e+01
3.013314296760297850e+01
3.127024270222949553e+01
3.240734243685602678e+01
3.354444217148255802e+01
3.468154190610908927e+01
3.581864164073560630e+01
3.695574137536213755e+01
3.809284110998866879e+01
3.922994084461518582e+01
4.036704057924171707e+01
4.150414031386824831e+01
4.264124004849477956e+01
