# zlin
-2.220761938916459854e+01
-2.107053837228516713e+01
-1.993345735540573216e+01
-1.879637633852630074e+01
-1.765929532164686933e+01
-1.652221430476743791e+01
-1.538513328788800294e+01
-1.424805227100857152e+01
-1.311097125412913833e+01
-1.197389023724970514e+01
-1.083680922037027372e+01
-9.699728203490840528e+00
-8.562647186611407335e+00
-7.425566169731975918e+00
-6.288485152852542726e+00
-5.151404135973109533e+00
-4.014323119093678116e+00
-2.877242102214246700e+00
-1.740161085334811730e+00
-6.030800684553803137e-01
5.340009484240511028e-01
1.671081965303486072e+00
2.808162982182917489e+00
3.945243999062348905e+00
5.082325015941783874e+00
6.219406032821215291e+00
7.356487049700646708e+00
8.493568066580078124e+00
9.630649083459513093e+00
1.076773010033894451e+01
1.190481111721837948e+01
1.304189213409780734e+01
1.417897315097724231e+01
1.531605416785667728e+01
1.645313518473610515e+01
1.759021620161554011e+01
1.872729721849497508e+01
1.986437823537440295e+01
2.100145925225383792e+01
2.213854026913327289e+01
2.327562128601270075e+01
2.441270230289213572e+01
2.554978331977157069e+01
2.668686433665099855e+01
2.782394535353043352e+01
2.896102637040986849e+01
3.009810738728929635e+01
3.123518840416873132e+01
3.237226942104816629e+01
3.350935043792759416e+01
3.464643145480702913e+01
3.578351247168645699e+01
3.692059348856589196e+01
3.805767450544532693e+01
3.919475552232475479e+01
4.033183653920418976e+01
4.146891755608362473e+01
4.260599857296305260e+01
4.374307958984248756e+01
4.488016060672192253e+01
4.601724162360135750e+01
4.715432264048079247e+01
4.829140365736021323e+01
4.942848467423964820e+01
5.056556569111908317e+01
5.170264670799851814e+01
5.283972772487795311e+01
5.397680874175737387e+01
5.511388975863680884e+01
5.625097077551624380e+01
5.738805179239567877e+01
5.852513280927511374e+01
5.966221382615454871e+01
6.079929484303396947e+01
6.193637585991340444e+01
6.307345687679283941e+01
6.421053789367226727e+01
