# xlin
-2.036462030179999871e+01
-1.920122553830144696e+01
-1.803783077480289876e+01
-1.687443601130434701e+01
-1.571104124780579525e+01
-1.454764648430724350e+01
-1.338425172080869352e+01
-1.222085695731014354e+01
-1.105746219381159179e+01
-9.894067430313040035e+00
-8.730672666814490057e+00
-7.567277903315940080e+00
-6.403883139817388326e+00
-5.240488376318836572e+00
-4.077093612820288371e+00
-2.913698849321736617e+00
-1.750304085823184863e+00
-5.869093223246331092e-01
5.764854411739186446e-01
1.739880204672466846e+00
2.903274968171018600e+00
4.066669731669570353e+00
5.230064495168118555e+00
6.393459258666670308e+00
7.556854022165222062e+00
8.720248785663773816e+00
9.883643549162325570e+00
1.104703831266087377e+01
1.221043307615942197e+01
1.337382783965797373e+01
1.453722260315652548e+01
1.570061736665507723e+01
1.686401213015362899e+01
1.802740689365218074e+01
1.919080165715073250e+01
2.035419642064928425e+01
2.151759118414783600e+01
2.268098594764638065e+01
2.384438071114493241e+01
2.500777547464348416e+01
2.617117023814203591e+01
2.733456500164058767e+01
2.849795976513913942e+01
2.966135452863769117e+01
3.082474929213623582e+01
3.198814405563478758e+01
3.315153881913333578e+01
3.431493358263189464e+01
3.547832834613043929e+01
3.664172310962899815e+01
3.780511787312754279e+01
3.896851263662610165e+01
4.013190740012464630e+01
4.129530216362319095e+01
4.245869692712174981e+01
4.362209169062029446e+01
4.478548645411883911e+01
4.594888121761739797e+01
4.711227598111594261e+01
4.827567074461450147e+01
4.943906550811304612e+01
5.060246027161160498e+01
5.176585503511014963e+01
5.292924979860870849e+01
5.409264456210725314e+01
5.525603932560579779e+01
5.641943408910435664e+01
5.758282885260290129e+01
5.874622361610146015e+01
