# zlin
-2.221067433880299902e+01
-2.107351397258085512e+01
-1.993635360635870768e+01
-1.879919324013656379e+01
-1.766203287391441634e+01
-1.652487250769227245e+01
-1.538771214147012678e+01
-1.425055177524798111e+01
-1.311339140902583544e+01
-1.197623104280368977e+01
-1.083907067658154411e+01
-9.701910310359398437e+00
-8.564749944137254545e+00
-7.427589577915108876e+00
-6.290429211692963207e+00
-5.153268845470815762e+00
-4.016108479248671870e+00
-2.878948113026527977e+00
-1.741787746804380532e+00
-6.046273805822366398e-01
5.325329856399108053e-01
1.669693351862054698e+00
2.806853718084202143e+00
3.944014084306346035e+00
5.081174450528489928e+00
6.218334816750637373e+00
7.355495182972781265e+00
8.492655549194928710e+00
9.629815915417072603e+00
1.076697628163922005e+01
1.190413664786136749e+01
1.304129701408350783e+01
1.417845738030565528e+01
1.531561774652780272e+01
1.645277811274994306e+01
1.758993847897209051e+01
1.872709884519423795e+01
1.986425921141638540e+01
2.100141957763852574e+01
2.213857994386067318e+01
2.327574031008282063e+01
2.441290067630496097e+01
2.555006104252710841e+01
2.668722140874925586e+01
2.782438177497140330e+01
2.896154214119354364e+01
3.009870250741569109e+01
3.123586287363783853e+01
3.237302323985997532e+01
3.351018360608212276e+01
3.464734397230427021e+01
3.578450433852641765e+01
3.692166470474856510e+01
3.805882507097071255e+01
3.919598543719285999e+01
4.033314580341500744e+01
4.147030616963714067e+01
4.260746653585928811e+01
4.374462690208143556e+01
4.488178726830358301e+01
4.601894763452573045e+01
4.715610800074786368e+01
4.829326836697001113e+01
4.943042873319215857e+01
5.056758909941430602e+01
5.170474946563645346e+01
5.284190983185860091e+01
5.397907019808074836e+01
5.511623056430288159e+01
5.625339093052502903e+01
5.739055129674717648e+01
5.852771166296932392e+01
5.966487202919147137e+01
6.080203239541361881e+01
6.193919276163576626e+01
6.307635312785789949e+01
6.421351349408004694e+01
