# xlin
-2.035896802490299962e+01
-1.919573709551740492e+01
-1.803250616613181023e+01
-1.686927523674621554e+01
-1.570604430736062262e+01
-1.454281337797502793e+01
-1.337958244858943502e+01
-1.221635151920384033e+01
-1.105312058981824563e+01
-9.889889660432650942e+00
-8.726658731047056250e+00
-7.563427801661463334e+00
-6.400196872275868643e+00
-5.236965942890273951e+00
-4.073735013504681035e+00
-2.910504084119086343e+00
-1.747273154733491651e+00
-5.840422253478969594e-01
5.791887040376977325e-01
1.742419633423292424e+00
2.905650562808887116e+00
4.068881492194478255e+00
5.232112421580072947e+00
6.395343350965667639e+00
7.558574280351262331e+00
8.721805209736857023e+00
9.885036139122451715e+00
1.104826706850804641e+01
1.221149799789363755e+01
1.337472892727923579e+01
1.453795985666482693e+01
1.570119078605042517e+01
1.686442171543601631e+01
1.802765264482160745e+01
1.919088357420720570e+01
2.035411450359279684e+01
2.151734543297839508e+01
2.268057636236398622e+01
2.384380729174958446e+01
2.500703822113517560e+01
2.617026915052077385e+01
2.733350007990636499e+01
2.849673100929195613e+01
2.965996193867755437e+01
3.082319286806314551e+01
3.198642379744874376e+01
3.314965472683433489e+01
3.431288565621993314e+01
3.547611658560552428e+01
3.663934751499111542e+01
3.780257844437671366e+01
3.896580937376230480e+01
4.012904030314790305e+01
4.129227123253349419e+01
4.245550216191909243e+01
4.361873309130468357e+01
4.478196402069027471e+01
4.594519495007586585e+01
4.710842587946147120e+01
4.827165680884706234e+01
4.943488773823265348e+01
5.059811866761824461e+01
5.176134959700384996e+01
5.292458052638944110e+01
5.408781145577503224e+01
5.525104238516062338e+01
5.641427331454621452e+01
5.757750424393181987e+01
5.874073517331741101e+01
