# xlin
-2.036232002353149895e+01
-1.919899193476536681e+01
-1.803566384599923822e+01
-1.687233575723310963e+01
-1.570900766846697749e+01
-1.454567957970084713e+01
-1.338235149093471676e+01
-1.221902340216858640e+01
-1.105569531340245604e+01
-9.892367224636325673e+00
-8.729039135870195310e+00
-7.565711047104064946e+00
-6.402382958337934582e+00
-5.239054869571804218e+00
-4.075726780805673855e+00
-2.912398692039541714e+00
-1.749070603273413127e+00
-5.857425145072845396e-01
5.775855742588476005e-01
1.740913663024979741e+00
2.904241751791108328e+00
4.067569840557236915e+00
5.230897929323369056e+00
6.394226018089501196e+00
7.557554106855629783e+00
8.720882195621758370e+00
9.884210284387890511e+00
1.104753837315402265e+01
1.221086646192015124e+01
1.337419455068627983e+01
1.453752263945241552e+01
1.570085072821854411e+01
1.686417881698467269e+01
1.802750690575080128e+01
1.919083499451692987e+01
2.035416308328306556e+01
2.151749117204919415e+01
2.268081926081532274e+01
2.384414734958145843e+01
2.500747543834758702e+01
2.617080352711371560e+01
2.733413161587984419e+01
2.849745970464597278e+01
2.966078779341210847e+01
3.082411588217823706e+01
3.198744397094436565e+01
3.315077205971050489e+01
3.431410014847662637e+01
3.547742823724276207e+01
3.664075632600888355e+01
3.780408441477501924e+01
3.896741250354115493e+01
4.013074059230727642e+01
4.129406868107341211e+01
4.245739676983954780e+01
4.362072485860566928e+01
4.478405294737180498e+01
4.594738103613794067e+01
4.711070912490406215e+01
4.827403721367019784e+01
4.943736530243633354e+01
5.060069339120245502e+01
5.176402147996859071e+01
5.292734956873471219e+01
5.409067765750084789e+01
5.525400574626698358e+01
5.641733383503310506e+01
5.758066192379924075e+01
5.874399001256536224e+01
