# ylin
-2.221344072605469933e+01
-2.107620850561783854e+01
-1.993897628518097775e+01
-1.880174406474412052e+01
-1.766451184430725974e+01
-1.652727962387039895e+01
-1.539004740343353994e+01
-1.425281518299668093e+01
-1.311558296255982015e+01
-1.197835074212295936e+01
-1.084111852168610035e+01
-9.703886301249241342e+00
-8.566654080812380556e+00
-7.429421860375519771e+00
-6.292189639938660761e+00
-5.154957419501801752e+00
-4.017725199064940966e+00
-2.880492978628080181e+00
-1.743260758191219395e+00
-6.060285377543621621e-01
5.312036826824986235e-01
1.668435903119359409e+00
2.805668123556216642e+00
3.942900343993077428e+00
5.080132564429938213e+00
6.217364784866798999e+00
7.354597005303659785e+00
8.491829225740517018e+00
9.629061446177377803e+00
1.076629366661423859e+01
1.190352588705109582e+01
1.304075810748796016e+01
1.417799032792481739e+01
1.531522254836167463e+01
1.645245476879853896e+01
1.758968698923539620e+01
1.872691920967226054e+01
1.986415143010911777e+01
2.100138365054597500e+01
2.213861587098283934e+01
2.327584809141969657e+01
2.441308031185655381e+01
2.555031253229341814e+01
2.668754475273027538e+01
2.782477697316713261e+01
2.896200919360399695e+01
3.009924141404085418e+01
3.123647363447771852e+01
3.237370585491457575e+01
3.351093807535143299e+01
3.464817029578829732e+01
3.578540251622515456e+01
3.692263473666201890e+01
3.805986695709887613e+01
3.919709917753573336e+01
4.033433139797259770e+01
4.147156361840945493e+01
4.260879583884631927e+01
4.374602805928317650e+01
4.488326027972003374e+01
4.602049250015689097e+01
4.715772472059374820e+01
4.829495694103061965e+01
4.943218916146747688e+01
5.056942138190433411e+01
5.170665360234119134e+01
5.284388582277804858e+01
5.398111804321492002e+01
5.511835026365177725e+01
5.625558248408863449e+01
5.739281470452549172e+01
5.853004692496234895e+01
5.966727914539922040e+01
6.080451136583607763e+01
6.194174358627293486e+01
6.307897580670979210e+01
6.421620802714664933e+01
